,symmetry,unit_cell_x_pixels,unit_cell_y_pixels,geometry_full,condition,C11,C12,C22,C16,C26,C66,CM0_E,CM0_nu,CM1_E,CM1_nu,youngs,poisson
19748,C2v,50,50,0000000000000000000000111111000000000000000000000000000000000000000000001111110000000000000000000000000000000000000000000111111110000000000000000000000000000000000000000001111111100000000000000000000000000000000000000000011111111000000000000000000000000000000000000000011111111111100000000000000000000000000000000000000111111111111000000000000000000000000000000000000001111111111110000000000000000000100000000000000111111111111111111110000000000000011000000000000001111111110011111111100000000000000110000000000000011111111000011111111000000000000001110000000000001111111110000111111111000000000000111111111111111111111111100001111111111111111111111100111111111111111111111000011111111111111111111100000111111111111111111110000111111111111111111110000001111111111111111111100001111111111111111111100000011111111111111111111000011111111111111111111000000000111111111111111110000111111111111111110000000000001111111111111111100001111111111111111100000000000011111111111111111000011111111111111111000000000000111111111111111110000111111111111111110000000000001111111111111111000000111111111111111100000000000011111111111111110000001111111111111111000000000000111111111111111100000011111111111111110000000000000011111111111111000000111111111111110000000000000000111111111111110000001111111111111100000000000000111111111111111100000011111111111111110000000000001111111111111111000000111111111111111100000000000011111111111111110000001111111111111111000000000000111111111111111110000111111111111111110000000000001111111111111111100001111111111111111100000000000011111111111111111000011111111111111111000000000000111111111111111110000111111111111111110000000001111111111111111111100001111111111111111111100000011111111111111111111000011111111111111111111000000111111111111111111110000111111111111111111110000011111111111111111111100001111111111111111111110011111111111111111111111000011111111111111111111111110000000000001111111110000111111111000000000000111000000000000001111111100001111111100000000000000110000000000000011111111100111111111000000000000001100000000000000111111111111111111110000000000000010000000000000000000111111111111000000000000000000000000000000000000001111111111110000000000000000000000000000000000000011111111111100000000000000000000000000000000000000001111111100000000000000000000000000000000000000000011111111000000000000000000000000000000000000000000111111110000000000000000000000000000000000000000000111111000000000000000000000000000000000000000000001111110000000000000000000000,Plane Strain,160891435.5,79440894.92,350759734.0,0,0,20637027.15,1e-09,,2240000000,0.49253731,"[1.42899474e+08 1.42007158e+08 1.39346218e+08 1.34968483e+08
 1.28973220e+08 1.21527138e+08 1.12893160e+08 1.03467311e+08
 9.38202996e+07 8.47351881e+07 7.72246927e+07 7.25028768e+07
 7.18819653e+07 7.65757549e+07 8.74258767e+07 1.04621187e+08
 1.27522959e+08 1.54694551e+08 1.84149454e+08 2.13724559e+08
 2.41433907e+08 2.65693099e+08 2.85386314e+08 2.99815093e+08
 3.08592307e+08 3.11535422e+08 3.08592307e+08 2.99815093e+08
 2.85386314e+08 2.65693099e+08 2.41433907e+08 2.13724559e+08
 1.84149454e+08 1.54694551e+08 1.27522959e+08 1.04621187e+08
 8.74258767e+07 7.65757549e+07 7.18819653e+07 7.25028768e+07
 7.72246927e+07 8.47351881e+07 9.38202996e+07 1.03467311e+08
 1.12893160e+08 1.21527138e+08 1.28973220e+08 1.34968483e+08
 1.39346218e+08 1.42007158e+08 1.42899474e+08 1.42007158e+08
 1.39346218e+08 1.34968483e+08 1.28973220e+08 1.21527138e+08
 1.12893160e+08 1.03467311e+08 9.38202996e+07 8.47351881e+07
 7.72246927e+07 7.25028768e+07 7.18819653e+07 7.65757549e+07
 8.74258767e+07 1.04621187e+08 1.27522959e+08 1.54694551e+08
 1.84149454e+08 2.13724559e+08 2.41433907e+08 2.65693099e+08
 2.85386314e+08 2.99815093e+08 3.08592307e+08 3.11535422e+08
 3.08592307e+08 2.99815093e+08 2.85386314e+08 2.65693099e+08
 2.41433907e+08 2.13724559e+08 1.84149454e+08 1.54694551e+08
 1.27522959e+08 1.04621187e+08 8.74258767e+07 7.65757549e+07
 7.18819653e+07 7.25028768e+07 7.72246927e+07 8.47351881e+07
 9.38202996e+07 1.03467311e+08 1.12893160e+08 1.21527138e+08
 1.28973220e+08 1.34968483e+08 1.39346218e+08 1.42007158e+08
 1.42899474e+08]","[0.49375465 0.50132437 0.52361374 0.55930485 0.60602907 0.66019438
 0.71692164 0.77025618 0.81378917 0.8416765  0.84980674 0.83668736
 0.80366613 0.75440459 0.69387054 0.62727317 0.55926884 0.4935529
 0.43278073 0.37869092 0.33231262 0.29417972 0.26451348 0.24336198
 0.23069807 0.22648237 0.23069807 0.24336198 0.26451348 0.29417972
 0.33231262 0.37869092 0.43278073 0.4935529  0.55926884 0.62727317
 0.69387054 0.75440459 0.80366613 0.83668736 0.84980674 0.8416765
 0.81378917 0.77025618 0.71692164 0.66019438 0.60602907 0.55930485
 0.52361374 0.50132437 0.49375465 0.50132437 0.52361374 0.55930485
 0.60602907 0.66019438 0.71692164 0.77025618 0.81378917 0.8416765
 0.84980674 0.83668736 0.80366613 0.75440459 0.69387054 0.62727317
 0.55926884 0.4935529  0.43278073 0.37869092 0.33231262 0.29417972
 0.26451348 0.24336198 0.23069807 0.22648237 0.23069807 0.24336198
 0.26451348 0.29417972 0.33231262 0.37869092 0.43278073 0.4935529
 0.55926884 0.62727317 0.69387054 0.75440459 0.80366613 0.83668736
 0.84980674 0.8416765  0.81378917 0.77025618 0.71692164 0.66019438
 0.60602907 0.55930485 0.52361374 0.50132437 0.49375465]"
27024,C2v,50,50,1111111111111111111111111111111111111111111111111111111111111111111111111111111111111111111111111111111111111111111111111111111111111111111111111111111111111111111111111111111111111111111111111111111111111111111111111111111111111111111111111111111111111111111111111111111111111111111111111111111111111111111111111111111111111111111111111111111111111111111111111111111111111111111111111111111111111111111111111111111111111111111111111111111111111111111111111111111111111111111111111111111111111111111111111111111111111111111111111111111111111111111111111111111111111111111111111111111111111111111111111111111111111111111111111111111111111111111111111111111111111111111111111111111111111111111111111111111111111111111111111111111111111111111111111111111111111111111111111111111111111111111111111111111111111111111111111111111111111111111111111111111111111111111111111111111111111111111111111111111111111111111111111111111111111111111111111111111111111111111111111111111111111111111111111111111111111111111111111111111111111111111111111111111111111111110000011111111111111111111111111111111111111110000000000111111111111111111111111111111111111111100000000000000000000000111111111111110000000000000000000000000000000000001111111111111100000000000000000000000000000000000011111111111111000000000000000000000000000000000000111111111111110000000000000000000000011111111111111111111111111111111111111110000000000111111111111111111111111111111111111111100000111111111111111111111111111111111111111111111111111111111111111111111111111111111111111111111111111111111111111111111111111111111111111111111111111111111111111111111111111111111111111111111111111111111111111111111111111111111111111111111111111111111111111111111111111111111111111111111111111111111111111111111111111111111111111111111111111111111111111111111111111111111111111111111111111111111111111111111111111111111111111111111111111111111111111111111111111111111111111111111111111111111111111111111111111111111111111111111111111111111111111111111111111111111111111111111111111111111111111111111111111111111111111111111111111111111111111111111111111111111111111111111111111111111111111111111111111111111111111111111111111111111111111111111111111111111111111111111111111111111111111111111111111111111111111111111111111111111111111111111111111111111111111111111111111111111111111111111111111111111111111111111111111111111111111111111111111111111111111111111111111111111111111111111111111111111111111111111111111111111111111111111111111111111111111111,Plane Strain,1909080999.0,326350900.7,945550413.6,0,0,404657511.3,1e-09,,2240000000,0.49253731,"[1.79644300e+09 1.78894858e+09 1.76674163e+09 1.73065354e+09
 1.68207157e+09 1.62292023e+09 1.55560097e+09 1.48287302e+09
 1.40767285e+09 1.33289010e+09 1.26113555e+09 1.19454410e+09
 1.13464819e+09 1.08233847e+09 1.03790637e+09 1.00114630e+09
 9.71488309e+08 9.48134158e+08 9.30177967e+08 9.16701631e+08
 9.06843125e+08 8.99840689e+08 8.95058209e+08 8.91997572e+08
 8.90303069e+08 8.89761838e+08 8.90303069e+08 8.91997572e+08
 8.95058209e+08 8.99840689e+08 9.06843125e+08 9.16701631e+08
 9.30177967e+08 9.48134158e+08 9.71488309e+08 1.00114630e+09
 1.03790637e+09 1.08233847e+09 1.13464819e+09 1.19454410e+09
 1.26113555e+09 1.33289010e+09 1.40767285e+09 1.48287302e+09
 1.55560097e+09 1.62292023e+09 1.68207157e+09 1.73065354e+09
 1.76674163e+09 1.78894858e+09 1.79644300e+09 1.78894858e+09
 1.76674163e+09 1.73065354e+09 1.68207157e+09 1.62292023e+09
 1.55560097e+09 1.48287302e+09 1.40767285e+09 1.33289010e+09
 1.26113555e+09 1.19454410e+09 1.13464819e+09 1.08233847e+09
 1.03790637e+09 1.00114630e+09 9.71488309e+08 9.48134158e+08
 9.30177967e+08 9.16701631e+08 9.06843125e+08 8.99840689e+08
 8.95058209e+08 8.91997572e+08 8.90303069e+08 8.89761838e+08
 8.90303069e+08 8.91997572e+08 8.95058209e+08 8.99840689e+08
 9.06843125e+08 9.16701631e+08 9.30177967e+08 9.48134158e+08
 9.71488309e+08 1.00114630e+09 1.03790637e+09 1.08233847e+09
 1.13464819e+09 1.19454410e+09 1.26113555e+09 1.33289010e+09
 1.40767285e+09 1.48287302e+09 1.55560097e+09 1.62292023e+09
 1.68207157e+09 1.73065354e+09 1.76674163e+09 1.78894858e+09
 1.79644300e+09]","[0.1709466  0.17269735 0.17792187 0.18653445 0.1983839  0.21324171
 0.23078664 0.25058767 0.27208825 0.29459612 0.31728455 0.33921184
 0.35936531 0.37673353 0.39040468 0.39968067 0.40418835 0.40396314
 0.39948237 0.39163443 0.38162531 0.37083889 0.36067654 0.35240228
 0.34701293 0.34514384 0.34701293 0.35240228 0.36067654 0.37083889
 0.38162531 0.39163443 0.39948237 0.40396314 0.40418835 0.39968067
 0.39040468 0.37673353 0.35936531 0.33921184 0.31728455 0.29459612
 0.27208825 0.25058767 0.23078664 0.21324171 0.1983839  0.18653445
 0.17792187 0.17269735 0.1709466  0.17269735 0.17792187 0.18653445
 0.1983839  0.21324171 0.23078664 0.25058767 0.27208825 0.29459612
 0.31728455 0.33921184 0.35936531 0.37673353 0.39040468 0.39968067
 0.40418835 0.40396314 0.39948237 0.39163443 0.38162531 0.37083889
 0.36067654 0.35240228 0.34701293 0.34514384 0.34701293 0.35240228
 0.36067654 0.37083889 0.38162531 0.39163443 0.39948237 0.40396314
 0.40418835 0.39968067 0.39040468 0.37673353 0.35936531 0.33921184
 0.31728455 0.29459612 0.27208825 0.25058767 0.23078664 0.21324171
 0.1983839  0.18653445 0.17792187 0.17269735 0.1709466 ]"
24342,C2v,50,50,1111111000000000000000000000000000000000000111111111111110000000000000000000000000000000000001111111111111100000000000000000000000000000000000011111111111111100000000000000000000000000000000001111111111111111111100000000000000000000000000111111111111111111111111000000000000000000000000001111111111111111111111110000000000000000000000000011111111111111111111111100000000000000000000000000111111111111111111111111100000000000000000000000011111111111111111111111111111100000000000000001111111111111111111111111111111111111000000000011111111111111111111111111111111111111111000000001111111111111111111111111111111111111111110000000011111111111111111111111111111111111111111110000001111111111111111111111111111111111111111111111111111111111111111111111111111111111111111111111111111111111111111111111111111111111111111111111111111111111111111111111111111111111111111111111111111111111111111111111111111111111111111111111111111111111111111111111111111111111111111111111111111111111111111111111111111111111111111111111111111111111111111111111111111111111111111111111111111111111111111111111111111111111111111111111111111111111111111111111111111111111111111111111111111111111111111111111111111111111111111111111111111111111111111111111111111111111111111111111111111111111111111111111111111111111111111111111111111111111111111111111111111111111111111111111111111111111111111111111111111111111111111111111111111111111111111111111111111111111111111111111111111111111111111111111111111111111111111111111111111111111111111111111111111111111111111111111111111111111111111111111111111111111111111111111111111111111111111111111111111111111111111111111111111111111111111111111111111111111111111111111111111111111111111111111111111111111111111111111111111111111111111111111111111111111111111111111111111111111111111111111111111111111111111000000111111111111111111111111111111111111111111100000000111111111111111111111111111111111111111111000000001111111111111111111111111111111111111111100000000001111111111111111111111111111111111111000000000000000011111111111111111111111111111100000000000000000000000011111111111111111111111110000000000000000000000000011111111111111111111111100000000000000000000000000111111111111111111111111000000000000000000000000001111111111111111111111110000000000000000000000000011111111111111111111000000000000000000000000000000000011111111111111100000000000000000000000000000000000011111111111111000000000000000000000000000000000000111111111111110000000000000000000000000000000000001111111,Plane Strain,1201642198.0,258893395.1,891805599.5,0,0,258912099.1,1e-09,,2240000000,0.49253731,"[1.12648480e+09 1.12182911e+09 1.10802838e+09 1.08559087e+09
 1.05539068e+09 1.01869432e+09 9.77171123e+08 9.32864296e+08
 8.88101365e+08 8.45333262e+08 8.06911496e+08 7.74837070e+08
 7.50533255e+08 7.34696178e+08 7.27258370e+08 7.27468033e+08
 7.34055139e+08 7.45437819e+08 7.59923075e+08 7.75869825e+08
 7.91800684e+08 8.06464172e+08 8.18858108e+08 8.28227878e+08
 8.34052318e+08 8.36027107e+08 8.34052318e+08 8.28227878e+08
 8.18858108e+08 8.06464172e+08 7.91800684e+08 7.75869825e+08
 7.59923075e+08 7.45437819e+08 7.34055139e+08 7.27468033e+08
 7.27258370e+08 7.34696178e+08 7.50533255e+08 7.74837070e+08
 8.06911496e+08 8.45333262e+08 8.88101365e+08 9.32864296e+08
 9.77171123e+08 1.01869432e+09 1.05539068e+09 1.08559087e+09
 1.10802838e+09 1.12182911e+09 1.12648480e+09 1.12182911e+09
 1.10802838e+09 1.08559087e+09 1.05539068e+09 1.01869432e+09
 9.77171123e+08 9.32864296e+08 8.88101365e+08 8.45333262e+08
 8.06911496e+08 7.74837070e+08 7.50533255e+08 7.34696178e+08
 7.27258370e+08 7.27468033e+08 7.34055139e+08 7.45437819e+08
 7.59923075e+08 7.75869825e+08 7.91800684e+08 8.06464172e+08
 8.18858108e+08 8.28227878e+08 8.34052318e+08 8.36027107e+08
 8.34052318e+08 8.28227878e+08 8.18858108e+08 8.06464172e+08
 7.91800684e+08 7.75869825e+08 7.59923075e+08 7.45437819e+08
 7.34055139e+08 7.27468033e+08 7.27258370e+08 7.34696178e+08
 7.50533255e+08 7.74837070e+08 8.06911496e+08 8.45333262e+08
 8.88101365e+08 9.32864296e+08 9.77171123e+08 1.01869432e+09
 1.05539068e+09 1.08559087e+09 1.10802838e+09 1.12182911e+09
 1.12648480e+09]","[0.21544965 0.21782033 0.22487136 0.23641445 0.25211872 0.27148775
 0.2938335  0.31825436 0.34362735 0.36862726 0.39178494 0.41159236
 0.42665145 0.43584832 0.43851955 0.43456998 0.42450883 0.40939151
 0.39068182 0.37006931 0.34928364 0.32993871 0.3134235  0.30083972
 0.29297584 0.2903025  0.29297584 0.30083972 0.3134235  0.32993871
 0.34928364 0.37006931 0.39068182 0.40939151 0.42450883 0.43456998
 0.43851955 0.43584832 0.42665145 0.41159236 0.39178494 0.36862726
 0.34362735 0.31825436 0.2938335  0.27148775 0.25211872 0.23641445
 0.22487136 0.21782033 0.21544965 0.21782033 0.22487136 0.23641445
 0.25211872 0.27148775 0.2938335  0.31825436 0.34362735 0.36862726
 0.39178494 0.41159236 0.42665145 0.43584832 0.43851955 0.43456998
 0.42450883 0.40939151 0.39068182 0.37006931 0.34928364 0.32993871
 0.3134235  0.30083972 0.29297584 0.2903025  0.29297584 0.30083972
 0.3134235  0.32993871 0.34928364 0.37006931 0.39068182 0.40939151
 0.42450883 0.43456998 0.43851955 0.43584832 0.42665145 0.41159236
 0.39178494 0.36862726 0.34362735 0.31825436 0.2938335  0.27148775
 0.25211872 0.23641445 0.22487136 0.21782033 0.21544965]"
33866,C2v,50,50,0000110000000000000000000000000000000000000011000000001100000000000000000000000000000000000000110000001111000000000000000000000000000000000000001111000011110000000000000000000000000000000000000011110000111100000000000000000000000000000000000000111100001111111111111111111111111111111111111111111111000000111111111111111111111111111111111111111111000000001111111111111111111111111111111111111111110000000011111111111111111111111111111111111111111100000000111111111111111111111111111111111111111111000000001111111111111111111111111111111111111111110000111111111111111111111111111111111111111111111111111111111111111111111111111111111111111111111111111111111111111111111111111111111111111111111111111111111111111111111111111111111111111111111111111111111111111111111111111111111111111111111111111111111111111111111111111111111111111111111111111111111111111111111111111111111111111111111111111111111111111111111111111111111111111111111111111111111111111111111111111111111111111111111111111111111111111111111111111111111111111111111111111111111111111111111111111111111111111111111111111111111111111111111111111111111111111111111111111111111111111111111111111111111111111111111111111111111111111111111111111111111111111111111111111111111111111111111111111111111111111111111111111111111111111111111111111111111111111111111111111111111111111111111111111111111111111111111111111111111111111111111111111111111111111111111111111111111111111111111111111111111111111111111111111111111111111111111111111111111111111111111111111111111111111111111111111111111111111111111111111111111111111111111111111111111111111111111111111111111111111111111111111111111111111111111111111111111111111111111111111111111111111111111111111111111111111111111111111111111111111111111111111111111111111111111111111111111111111111111111111111111111111111111111111111111111111111111111111111111111111111111111111111111111111111111111111111111111111111111111111111111111111111111111111111110000111111111111111111111111111111111111111111000000001111111111111111111111111111111111111111110000000011111111111111111111111111111111111111111100000000111111111111111111111111111111111111111111000000001111111111111111111111111111111111111111110000001111111111111111111111111111111111111111111111000011110000000000000000000000000000000000000011110000111100000000000000000000000000000000000000111100001111000000000000000000000000000000000000001111000000110000000000000000000000000000000000000011000000001100000000000000000000000000000000000000110000,Plane Strain,1326429220.0,29078625.46,341292253.8,0,0,26281314.28,1e-09,,2240000000,0.49253731,"[1.32395168e+09 1.31302911e+09 1.27947905e+09 1.22114966e+09
 1.13521274e+09 1.01961800e+09 8.75468497e+08 7.09799525e+08
 5.36995112e+08 3.76494519e+08 2.46519949e+08 1.57479934e+08
 1.09643845e+08 9.58070705e+07 1.05868840e+08 1.30326847e+08
 1.61829001e+08 1.95340446e+08 2.27703364e+08 2.57080129e+08
 2.82483191e+08 3.03436248e+08 3.19749592e+08 3.31378658e+08
 3.38338519e+08 3.40654778e+08 3.38338519e+08 3.31378658e+08
 3.19749592e+08 3.03436248e+08 2.82483191e+08 2.57080129e+08
 2.27703364e+08 1.95340446e+08 1.61829001e+08 1.30326847e+08
 1.05868840e+08 9.58070705e+07 1.09643845e+08 1.57479934e+08
 2.46519949e+08 3.76494519e+08 5.36995112e+08 7.09799525e+08
 8.75468497e+08 1.01961800e+09 1.13521274e+09 1.22114966e+09
 1.27947905e+09 1.31302911e+09 1.32395168e+09 1.31302911e+09
 1.27947905e+09 1.22114966e+09 1.13521274e+09 1.01961800e+09
 8.75468497e+08 7.09799525e+08 5.36995112e+08 3.76494519e+08
 2.46519949e+08 1.57479934e+08 1.09643845e+08 9.58070705e+07
 1.05868840e+08 1.30326847e+08 1.61829001e+08 1.95340446e+08
 2.27703364e+08 2.57080129e+08 2.82483191e+08 3.03436248e+08
 3.19749592e+08 3.31378658e+08 3.38338519e+08 3.40654778e+08
 3.38338519e+08 3.31378658e+08 3.19749592e+08 3.03436248e+08
 2.82483191e+08 2.57080129e+08 2.27703364e+08 1.95340446e+08
 1.61829001e+08 1.30326847e+08 1.05868840e+08 9.58070705e+07
 1.09643845e+08 1.57479934e+08 2.46519949e+08 3.76494519e+08
 5.36995112e+08 7.09799525e+08 8.75468497e+08 1.01961800e+09
 1.13521274e+09 1.22114966e+09 1.27947905e+09 1.31302911e+09
 1.32395168e+09]","[0.02192249 0.02657279 0.04064614 0.06450906 0.09876718 0.14424826
 0.20195661 0.27296892 0.3582199  0.45809734 0.57173786 0.69592368
 0.82361564 0.94256494 1.03518671 1.08147163 1.06576161 0.98475424
 0.85090183 0.68774921 0.52066151 0.36950683 0.24636534 0.15693794
 0.10312406 0.08520154 0.10312406 0.15693794 0.24636534 0.36950683
 0.52066151 0.68774921 0.85090183 0.98475424 1.06576161 1.08147163
 1.03518671 0.94256494 0.82361564 0.69592368 0.57173786 0.45809734
 0.3582199  0.27296892 0.20195661 0.14424826 0.09876718 0.06450906
 0.04064614 0.02657279 0.02192249 0.02657279 0.04064614 0.06450906
 0.09876718 0.14424826 0.20195661 0.27296892 0.3582199  0.45809734
 0.57173786 0.69592368 0.82361564 0.94256494 1.03518671 1.08147163
 1.06576161 0.98475424 0.85090183 0.68774921 0.52066151 0.36950683
 0.24636534 0.15693794 0.10312406 0.08520154 0.10312406 0.15693794
 0.24636534 0.36950683 0.52066151 0.68774921 0.85090183 0.98475424
 1.06576161 1.08147163 1.03518671 0.94256494 0.82361564 0.69592368
 0.57173786 0.45809734 0.3582199  0.27296892 0.20195661 0.14424826
 0.09876718 0.06450906 0.04064614 0.02657279 0.02192249]"
48787,C2v,50,50,0000000011111111100000000000000001111111110000000000000000111111111000000000000000011111111100000000000000001111111110000000000000000111111111000000000000000011111111100000000000000001111111110000000000000000111111111000000000000000011111111100000000000000001111111100000000000000000011111111000000000000000011111111000000000000000000111111110000000000000000111111110000000000000000001111111100000000000000001111111110000000000000000111111111000000000000000011111111100000000000000001111111110000000000000000011111111000000000000000011111111000000000000000000111111110000000000000000111111110000000000000000001111111111000000000000111111111100000000000000000111111111111111111111111111111111100000000000000001111111111111111111111111111111111000000000000000011111111111111111111111111111111110000000000000000111111111111111111111111111111111100000000000000011111111111111111111111111111111111100000000000011111111111111111111111111111111111111110000011111111111111111111111111111111111111111111111111111111111111111111111111111111111111111111111111111111111111111111111111111111111111111111111111111111111111111111111111111111111111111111111111111111111111111111111111111111111111111111111111111111111111111111111111111111111111111111111111111111111111111111111111111111111111111111111111111111111111111111111111111111111111111111111111111111111111111111111111111111111111111111111111111111111111111111111111111111111111111111111111111111111111111111111111111111111111111111111111111111111111111111111111111111111111111111111111111111111111111111111100000111111111111111111111111111111111111111100000000000011111111111111111111111111111111111100000000000000011111111111111111111111111111111110000000000000000111111111111111111111111111111111100000000000000001111111111111111111111111111111111000000000000000011111111111111111111111111111111110000000000000000011111111110000000000001111111111000000000000000000111111110000000000000000111111110000000000000000001111111100000000000000001111111100000000000000000111111111000000000000000011111111100000000000000001111111110000000000000000111111111000000000000000011111111000000000000000000111111110000000000000000111111110000000000000000001111111100000000000000001111111100000000000000000011111111000000000000000011111111100000000000000001111111110000000000000000111111111000000000000000011111111100000000000000001111111110000000000000000111111111000000000000000011111111100000000000000001111111110000000000000000111111111000000000000000011111111100000000,Plane Strain,682583185.9,102246236.4,777910586.8,0,0,49153717.33,1e-09,,2240000000,0.49253731,"[6.69144247e+08 6.64158508e+08 6.49185568e+08 6.24206793e+08
 5.89291118e+08 5.44760623e+08 4.91446685e+08 4.31039562e+08
 3.66492472e+08 3.02356803e+08 2.44810021e+08 2.01069878e+08
 1.78021388e+08 1.80320603e+08 2.08781064e+08 2.59961570e+08
 3.27243645e+08 4.02778620e+08 4.79307765e+08 5.51214579e+08
 6.14760418e+08 6.67801709e+08 7.09317677e+08 7.38957724e+08
 7.56694433e+08 7.62594808e+08 7.56694433e+08 7.38957724e+08
 7.09317677e+08 6.67801709e+08 6.14760418e+08 5.51214579e+08
 4.79307765e+08 4.02778620e+08 3.27243645e+08 2.59961570e+08
 2.08781064e+08 1.80320603e+08 1.78021388e+08 2.01069878e+08
 2.44810021e+08 3.02356803e+08 3.66492472e+08 4.31039562e+08
 4.91446685e+08 5.44760623e+08 5.89291118e+08 6.24206793e+08
 6.49185568e+08 6.64158508e+08 6.69144247e+08 6.64158508e+08
 6.49185568e+08 6.24206793e+08 5.89291118e+08 5.44760623e+08
 4.91446685e+08 4.31039562e+08 3.66492472e+08 3.02356803e+08
 2.44810021e+08 2.01069878e+08 1.78021388e+08 1.80320603e+08
 2.08781064e+08 2.59961570e+08 3.27243645e+08 4.02778620e+08
 4.79307765e+08 5.51214579e+08 6.14760418e+08 6.67801709e+08
 7.09317677e+08 7.38957724e+08 7.56694433e+08 7.62594808e+08
 7.56694433e+08 7.38957724e+08 7.09317677e+08 6.67801709e+08
 6.14760418e+08 5.51214579e+08 4.79307765e+08 4.02778620e+08
 3.27243645e+08 2.59961570e+08 2.08781064e+08 1.80320603e+08
 1.78021388e+08 2.01069878e+08 2.44810021e+08 3.02356803e+08
 3.66492472e+08 4.31039562e+08 4.91446685e+08 5.44760623e+08
 5.89291118e+08 6.24206793e+08 6.49185568e+08 6.64158508e+08
 6.69144247e+08]","[0.14979308 0.15675716 0.17766359 0.21250573 0.2611014  0.32281521
 0.39614511 0.47819725 0.56416375 0.6470628  0.71812929 0.76817953
 0.78983136 0.77976046 0.73980734 0.67627398 0.59785374 0.51333849
 0.43004088 0.35319132 0.2860578  0.23040483 0.18700721 0.15608016
 0.13758738 0.131437   0.13758738 0.15608016 0.18700721 0.23040483
 0.2860578  0.35319132 0.43004088 0.51333849 0.59785374 0.67627398
 0.73980734 0.77976046 0.78983136 0.76817953 0.71812929 0.6470628
 0.56416375 0.47819725 0.39614511 0.32281521 0.2611014  0.21250573
 0.17766359 0.15675716 0.14979308 0.15675716 0.17766359 0.21250573
 0.2611014  0.32281521 0.39614511 0.47819725 0.56416375 0.6470628
 0.71812929 0.76817953 0.78983136 0.77976046 0.73980734 0.67627398
 0.59785374 0.51333849 0.43004088 0.35319132 0.2860578  0.23040483
 0.18700721 0.15608016 0.13758738 0.131437   0.13758738 0.15608016
 0.18700721 0.23040483 0.2860578  0.35319132 0.43004088 0.51333849
 0.59785374 0.67627398 0.73980734 0.77976046 0.78983136 0.76817953
 0.71812929 0.6470628  0.56416375 0.47819725 0.39614511 0.32281521
 0.2611014  0.21250573 0.17766359 0.15675716 0.14979308]"
56003,C2v,50,50,0000001111111111111111111111111111111111111100000000000011111111111111111111111111111111111111000000000000111111111111111111111111111111111111110000000000001111111111111111111111111111111111111100000000000011111111111111111111111111111111111111000000000000111111111111111111111111111111111111110000000000001111111111111111111111111111111111111100000000000011111111111111111111111111111111111111000000111111111111111111111111111111111111111111111111111111111111111111111111111111111111111111111111111111111111111111111111111111111111111111111111111111111111111111111111111111111111111111111111111111111111111111111111111111111111111111111111111111111111111111111111111111111111111111111111111111111111111111111111111111111111111111111111111111111111111111111111111111111111111111111111111111111111111111111111111111111111111111111111111111111111111111111111111111111111111111111111111111111111111111111111111111111111111111111111111111111111111111111111111111111111111111111111111111111111111111111111111111111111111111111111111111111111111111111111111111111111111111111111111111111111111111111111111111111111111111111111111111111111111111111111111111000000000001111111111111111111111111111000000000000000000000011111111111111111111111111110000000000000000000000111111111111111111111111111100000000000000000000001111111111111111111111111111000000000001111111111111111111111111111111111111111111111111111111111111111111111111111111111111111111111111111111111111111111111111111111111111111111111111111111111111111111111111111111111111111111111111111111111111111111111111111111111111111111111111111111111111111111111111111111111111111111111111111111111111111111111111111111111111111111111111111111111111111111111111111111111111111111111111111111111111111111111111111111111111111111111111111111111111111111111111111111111111111111111111111111111111111111111111111111111111111111111111111111111111111111111111111111111111111111111111111111111111111111111111111111111111111111111111111111111111111111111111111111111111111111111111111111111111111111111111111111111111111111111111111111111111111111111111111110000001111111111111111111111111111111111111100000000000011111111111111111111111111111111111111000000000000111111111111111111111111111111111111110000000000001111111111111111111111111111111111111100000000000011111111111111111111111111111111111111000000000000111111111111111111111111111111111111110000000000001111111111111111111111111111111111111100000000000011111111111111111111111111111111111111000000,Plane Strain,1545939040.0,358925057.0,1444678044.0,0,0,368484372.8,1e-09,,2240000000,0.49253731,"[1.45676540e+09 1.45149118e+09 1.43586465e+09 1.41048596e+09
 1.37639091e+09 1.33509095e+09 1.28860215e+09 1.23943666e+09
 1.19052689e+09 1.14505844e+09 1.10620525e+09 1.07679083e+09
 1.05893294e+09 1.05375203e+09 1.06121925e+09 1.08018539e+09
 1.10857968e+09 1.14372049e+09 1.18265885e+09 1.22248412e+09
 1.26054913e+09 1.29460373e+09 1.32284943e+09 1.34393943e+09
 1.35695007e+09 1.36134539e+09 1.35695007e+09 1.34393943e+09
 1.32284943e+09 1.29460373e+09 1.26054913e+09 1.22248412e+09
 1.18265885e+09 1.14372049e+09 1.10857968e+09 1.08018539e+09
 1.06121925e+09 1.05375203e+09 1.05893294e+09 1.07679083e+09
 1.10620525e+09 1.14505844e+09 1.19052689e+09 1.23943666e+09
 1.28860215e+09 1.33509095e+09 1.37639091e+09 1.41048596e+09
 1.43586465e+09 1.45149118e+09 1.45676540e+09 1.45149118e+09
 1.43586465e+09 1.41048596e+09 1.37639091e+09 1.33509095e+09
 1.28860215e+09 1.23943666e+09 1.19052689e+09 1.14505844e+09
 1.10620525e+09 1.07679083e+09 1.05893294e+09 1.05375203e+09
 1.06121925e+09 1.08018539e+09 1.10857968e+09 1.14372049e+09
 1.18265885e+09 1.22248412e+09 1.26054913e+09 1.29460373e+09
 1.32284943e+09 1.34393943e+09 1.35695007e+09 1.36134539e+09
 1.35695007e+09 1.34393943e+09 1.32284943e+09 1.29460373e+09
 1.26054913e+09 1.22248412e+09 1.18265885e+09 1.14372049e+09
 1.10857968e+09 1.08018539e+09 1.06121925e+09 1.05375203e+09
 1.05893294e+09 1.07679083e+09 1.10620525e+09 1.14505844e+09
 1.19052689e+09 1.23943666e+09 1.28860215e+09 1.33509095e+09
 1.37639091e+09 1.41048596e+09 1.43586465e+09 1.45149118e+09
 1.45676540e+09]","[0.23217284 0.23473905 0.2423479  0.25472409 0.2713903  0.29164475
 0.31454092 0.3388812  0.36323879 0.38602195 0.40558903 0.42041015
 0.42925433 0.43136482 0.42657895 0.415359   0.39872433 0.37810422
 0.35515042 0.33155286 0.30889099 0.28853551 0.27159913 0.25892445
 0.25109373 0.2484464  0.25109373 0.25892445 0.27159913 0.28853551
 0.30889099 0.33155286 0.35515042 0.37810422 0.39872433 0.415359
 0.42657895 0.43136482 0.42925433 0.42041015 0.40558903 0.38602195
 0.36323879 0.3388812  0.31454092 0.29164475 0.2713903  0.25472409
 0.2423479  0.23473905 0.23217284 0.23473905 0.2423479  0.25472409
 0.2713903  0.29164475 0.31454092 0.3388812  0.36323879 0.38602195
 0.40558903 0.42041015 0.42925433 0.43136482 0.42657895 0.415359
 0.39872433 0.37810422 0.35515042 0.33155286 0.30889099 0.28853551
 0.27159913 0.25892445 0.25109373 0.2484464  0.25109373 0.25892445
 0.27159913 0.28853551 0.30889099 0.33155286 0.35515042 0.37810422
 0.39872433 0.415359   0.42657895 0.43136482 0.42925433 0.42041015
 0.40558903 0.38602195 0.36323879 0.3388812  0.31454092 0.29164475
 0.2713903  0.25472409 0.2423479  0.23473905 0.23217284]"
34403,C2v,50,50,0000000000000000001111111111111100000000000000000000000000000000000011111111111111000000000000000000000000000000000000111111111111110000000000000000000000000000000000011111111111111110000000000000000000000000000000001111111111111111110000000000000000000000000000000011111111111111111100000000000000000000000000000000111111111111111111000000000000000000000000000000001111111111111111110000000000000000000000000000001111111111111111111111000000000000000000000000000111111111111111111111111000000000000000000000000001111111111111111111111110000000000000000000000000111111111111111111111111110000000000000000000000001111111111111111111111111100000000000000000000000011111111111111111111111111000000000000010000011000111111111111111111111111110001100000101100000110001111111111111111111111111100011000001111000001100011111111111111111111111111000110000011111000011000111111111111111111111111110001100001111111111111111111111111111111111111111111111111111100000111111111111111111111111111111111111111100000000001111111111111111111111111111111111111111000000000001111111111111111111111111111111111111100000000000011111111111111111111111111111111111111000000000000011111111111111111111111111111111111100000000000000111111111111111111111111111111111111000000000000001111111111111111111111111111111111110000000000000011111111111111111111111111111111111100000000000001111111111111111111111111111111111111100000000000011111111111111111111111111111111111111000000000001111111111111111111111111111111111111111000000000011111111111111111111111111111111111111110000011111111111111111111111111111111111111111111111111111000011000111111111111111111111111110001100001111100000110001111111111111111111111111100011000001111000001100011111111111111111111111111000110000011010000011000111111111111111111111111110001100000100000000000001111111111111111111111111100000000000000000000000011111111111111111111111111000000000000000000000000111111111111111111111111110000000000000000000000000111111111111111111111111000000000000000000000000001111111111111111111111110000000000000000000000000001111111111111111111111000000000000000000000000000000111111111111111111000000000000000000000000000000001111111111111111110000000000000000000000000000000011111111111111111100000000000000000000000000000000111111111111111111000000000000000000000000000000000111111111111111100000000000000000000000000000000000111111111111110000000000000000000000000000000000001111111111111100000000000000000000000000000000000011111111111111000000000000000000,Plane Strain,209873798.1,31979468.5,790897405.4,0,0,4246805.79,1e-09,,2240000000,0.49253731,"[2.08580727e+08 2.06938589e+08 2.01997700e+08 1.93719279e+08
 1.82055615e+08 1.66980789e+08 1.48545450e+08 1.26969727e+08
 1.02794648e+08 7.71166342e+07 5.19224876e+07 3.05015378e+07
 1.77993109e+07 2.03650246e+07 4.53220716e+07 9.79332861e+07
 1.78365637e+08 2.79813179e+08 3.90140621e+08 4.96430856e+08
 5.89180821e+08 6.63739638e+08 7.19310393e+08 7.57124589e+08
 7.78920271e+08 7.86024542e+08 7.78920271e+08 7.57124589e+08
 7.19310393e+08 6.63739638e+08 5.89180821e+08 4.96430856e+08
 3.90140621e+08 2.79813179e+08 1.78365637e+08 9.79332861e+07
 4.53220716e+07 2.03650246e+07 1.77993109e+07 3.05015378e+07
 5.19224876e+07 7.71166342e+07 1.02794648e+08 1.26969727e+08
 1.48545450e+08 1.66980789e+08 1.82055615e+08 1.93719279e+08
 2.01997700e+08 2.06938589e+08 2.08580727e+08 2.06938589e+08
 2.01997700e+08 1.93719279e+08 1.82055615e+08 1.66980789e+08
 1.48545450e+08 1.26969727e+08 1.02794648e+08 7.71166342e+07
 5.19224876e+07 3.05015378e+07 1.77993109e+07 2.03650246e+07
 4.53220716e+07 9.79332861e+07 1.78365637e+08 2.79813179e+08
 3.90140621e+08 4.96430856e+08 5.89180821e+08 6.63739638e+08
 7.19310393e+08 7.57124589e+08 7.78920271e+08 7.86024542e+08
 7.78920271e+08 7.57124589e+08 7.19310393e+08 6.63739638e+08
 5.89180821e+08 4.96430856e+08 3.90140621e+08 2.79813179e+08
 1.78365637e+08 9.79332861e+07 4.53220716e+07 2.03650246e+07
 1.77993109e+07 3.05015378e+07 5.19224876e+07 7.71166342e+07
 1.02794648e+08 1.26969727e+08 1.48545450e+08 1.66980789e+08
 1.82055615e+08 1.93719279e+08 2.01997700e+08 2.06938589e+08
 2.08580727e+08]","[0.15237475 0.17066086 0.22561667 0.31711895 0.44351458 0.59936632
 0.77266094 0.9430212  1.08366007 1.16889419 1.18439756 1.13297153
 1.03134995 0.90141401 0.76248443 0.62794653 0.50537305 0.39810296
 0.30690253 0.23120091 0.16986748 0.12165059 0.0854041  0.06019359
 0.04534009 0.04043441 0.04534009 0.06019359 0.0854041  0.12165059
 0.16986748 0.23120091 0.30690253 0.39810296 0.50537305 0.62794653
 0.76248443 0.90141401 1.03134995 1.13297153 1.18439756 1.16889419
 1.08366007 0.9430212  0.77266094 0.59936632 0.44351458 0.31711895
 0.22561667 0.17066086 0.15237475 0.17066086 0.22561667 0.31711895
 0.44351458 0.59936632 0.77266094 0.9430212  1.08366007 1.16889419
 1.18439756 1.13297153 1.03134995 0.90141401 0.76248443 0.62794653
 0.50537305 0.39810296 0.30690253 0.23120091 0.16986748 0.12165059
 0.0854041  0.06019359 0.04534009 0.04043441 0.04534009 0.06019359
 0.0854041  0.12165059 0.16986748 0.23120091 0.30690253 0.39810296
 0.50537305 0.62794653 0.76248443 0.90141401 1.03134995 1.13297153
 1.18439756 1.16889419 1.08366007 0.9430212  0.77266094 0.59936632
 0.44351458 0.31711895 0.22561667 0.17066086 0.15237475]"
64108,C2v,50,50,1100000000000000000000000000000000000000000000001111000000000000000000000000000000000000000000000011111000000000000000000000000000000000000000000001110111000000000000000000000000000000000000000000111001110000000000000000000000000000000000000000001110011110000000000000000000000000000000000000000111100011100000000000000000000000000000000000000001110000011100000100000000000000000000000000100000111000000011111111000000000000000000000000001111111100000000011111100000000000000000000000000001111110000000000011111000000000000000000000000000011111000000000000111110000000000000000000000000000111110000000000001111111100001111000000111100001111111100000000000011111111111111111111111111111111111111000000000011111111111111111111111111111111111111111100000000111111111111111111111111111111111111111111000000011111111111111111111111111111111111111111111000000111111111111111111111111111111111111111111110000011111111111111111111111111111111111111111111110001111111111111111111111111111111111111111111111110011111111111111111111111111111111111111111111111100111111111111111111111111111111111111111111111111001111111111111111111111111111111111111111111111110011111111111111111111111111111111111111111111111100111111111111111111111111111111111111111111111111001111111111111111111111111111111111111111111111110011111111111111111111111111111111111111111111111100111111111111111111111111111111111111111111111111001111111111111111111111111111111111111111111111110011111111111111111111111111111111111111111111111100111111111111111111111111111111111111111111111111000111111111111111111111111111111111111111111111100000111111111111111111111111111111111111111111110000001111111111111111111111111111111111111111111100000001111111111111111111111111111111111111111110000000011111111111111111111111111111111111111111100000000001111111111111111111111111111111111111100000000000011111111000011110000001111000011111111000000000000111110000000000000000000000000000111110000000000001111100000000000000000000000000001111100000000000111111000000000000000000000000000011111100000000011111111000000000000000000000000001111111100000001110000010000000000000000000000000010000011100000111000000000000000000000000000000000000000011100011110000000000000000000000000000000000000000111100111000000000000000000000000000000000000000000111001110000000000000000000000000000000000000000001110111000000000000000000000000000000000000000000001111100000000000000000000000000000000000000000000001111000000000000000000000000000000000000000000000011,Plane Strain,93023011.43,113483197.9,174768878.2,0,0,23365160.34,1e-09,,2240000000,0.49253731,"[19334627.44396281 20083229.11727227 22289676.91716836 25838893.60490783
 30548604.41826579 36182119.78030251 42463607.77125361 49093979.29995365
 55765774.72307453 62175968.52292959 68036254.15662862 73081006.18306929
 77073657.70374662 79812639.4535502  81138285.87552904 80942190.10761799
 79180289.67779925 75890294.50363542 71212636.63192959 65411640.75367682
 58890107.28217953 52186833.03727198 45945014.96316152 40843370.17905586
 37493603.34094192 36325325.28082135 37493603.3409419  40843370.17905592
 45945014.96316154 52186833.03727201 58890107.28217953 65411640.7536768
 71212636.63192956 75890294.50363526 79180289.67779914 80942190.10761783
 81138285.87552884 79812639.45354998 77073657.70374632 73081006.1830691
 68036254.15662841 62175968.52292939 55765774.72307434 49093979.29995346
 42463607.77125335 36182119.78030235 30548604.41826567 25838893.60490775
 22289676.91716829 20083229.11727223 19334627.44396281 20083229.11727227
 22289676.91716836 25838893.60490785 30548604.41826576 36182119.78030252
 42463607.77125361 49093979.29995365 55765774.72307451 62175968.52292962
 68036254.15662864 73081006.18306933 77073657.70374662 79812639.45355013
 81138285.87552905 80942190.107618   79180289.6777992  75890294.50363542
 71212636.63192956 65411640.75367682 58890107.28217951 52186833.03727183
 45945014.96316148 40843370.17905585 37493603.34094189 36325325.28082135
 37493603.34094187 40843370.17905591 45945014.96316168 52186833.03727204
 58890107.28217957 65411640.7536768  71212636.63192955 75890294.5036353
 79180289.67779912 80942190.10761783 81138285.87552883 79812639.45354992
 77073657.70374633 73081006.18306911 68036254.15662837 62175968.52292927
 55765774.72307432 49093979.29995345 42463607.77125345 36182119.78030222
 30548604.41826557 25838893.60490775 22289676.91716831 20083229.11727226
 19334627.44396281]","[1.21994758 1.21083976 1.18448551 1.14357092 1.09192399 1.03379969
 0.97324497 0.91367539 0.85768624 0.8070471  0.76280454 0.72542737
 0.6949514  0.67110231 0.65339022 0.64117815 0.63373013 0.63024578
 0.62988765 0.63180639 0.6351672  0.6391795  0.64312978 0.64641579
 0.64857923 0.64933299 0.64857923 0.64641579 0.64312978 0.6391795
 0.6351672  0.63180639 0.62988765 0.63024578 0.63373013 0.64117815
 0.65339022 0.67110231 0.6949514  0.72542737 0.76280454 0.8070471
 0.85768624 0.91367539 0.97324497 1.03379969 1.09192399 1.14357092
 1.18448551 1.21083976 1.21994758 1.21083976 1.18448551 1.14357092
 1.09192399 1.03379969 0.97324497 0.91367539 0.85768624 0.8070471
 0.76280454 0.72542737 0.6949514  0.67110231 0.65339022 0.64117815
 0.63373013 0.63024578 0.62988765 0.63180639 0.6351672  0.6391795
 0.64312978 0.64641579 0.64857923 0.64933299 0.64857923 0.64641579
 0.64312978 0.6391795  0.6351672  0.63180639 0.62988765 0.63024578
 0.63373013 0.64117815 0.65339022 0.67110231 0.6949514  0.72542737
 0.76280454 0.8070471  0.85768624 0.91367539 0.97324497 1.03379969
 1.09192399 1.14357092 1.18448551 1.21083976 1.21994758]"
58167,C2v,50,50,0000000000000001111111111111111111100000000000000000000000000000011111111111111111111000000000000000000000000000000111111111111111111110000000000000000000000000000001111111111111111111100000000000000000000000000001111111111111111111111110000000000000000000000000111111111111111111111111110000000000000000000000001111111111111111111111111100000000000000000000000011111111111111111111111111000000000000111111111111111111111111111111111111111111111111110111111111111111111111111111111111111111111111111000111111111111111111111111111111111111111111111100001111111111111111111111111111111111111111111111000011111111111111111111111111111111111111111111110000011111111111111111111111111111111111111111111000000111111111111111111111111111111111111111111110000001111111111111111111111111111111111111111111100000001111111111111111111111111111111111111111110000000011111111111111111111111111111111111111111100000000111111111111111111111111111111111111111111000000000000111111111111111111111111111111111100000000000000001111111111111111111111111111111111000000000000000011111111111111111111111111111111110000000000000000111111111111111111111111111111111100000000000000001111111111111111111111111111111111000000000000000111111111111111111111111111111111111000000000000001111111111111111111111111111111111110000000000000001111111111111111111111111111111111000000000000000011111111111111111111111111111111110000000000000000111111111111111111111111111111111100000000000000001111111111111111111111111111111111000000000000000011111111111111111111111111111111110000000000001111111111111111111111111111111111111111110000000011111111111111111111111111111111111111111100000000111111111111111111111111111111111111111111000000011111111111111111111111111111111111111111111000000111111111111111111111111111111111111111111110000001111111111111111111111111111111111111111111100000111111111111111111111111111111111111111111111100001111111111111111111111111111111111111111111111000011111111111111111111111111111111111111111111110001111111111111111111111111111111111111111111111110111111111111111111111111111111111111111111111111110000000000001111111111111111111111111100000000000000000000000011111111111111111111111111000000000000000000000000111111111111111111111111110000000000000000000000000111111111111111111111111000000000000000000000000000011111111111111111111000000000000000000000000000000111111111111111111110000000000000000000000000000001111111111111111111100000000000000000000000000000011111111111111111111000000000000000,Plane Strain,268244452.0,37221072.65,1025220977.0,0,0,57258670.65,1e-09,,2240000000,0.49253731,"[2.66893126e+08 2.65681667e+08 2.62063835e+08 2.56095335e+08
 2.47890271e+08 2.37656602e+08 2.25752968e+08 2.12773753e+08
 1.99669349e+08 1.87904022e+08 1.79638538e+08 1.77889484e+08
 1.86553986e+08 2.10108734e+08 2.52762257e+08 3.17001746e+08
 4.01942192e+08 5.02437391e+08 6.09877236e+08 7.14566213e+08
 8.08364389e+08 8.86180489e+08 9.45939003e+08 9.87604438e+08
 1.01202741e+09 1.02005625e+09 1.01202741e+09 9.87604438e+08
 9.45939003e+08 8.86180489e+08 8.08364389e+08 7.14566213e+08
 6.09877236e+08 5.02437391e+08 4.01942192e+08 3.17001746e+08
 2.52762257e+08 2.10108734e+08 1.86553986e+08 1.77889484e+08
 1.79638538e+08 1.87904022e+08 1.99669349e+08 2.12773753e+08
 2.25752968e+08 2.37656602e+08 2.47890271e+08 2.56095335e+08
 2.62063835e+08 2.65681667e+08 2.66893126e+08 2.65681667e+08
 2.62063835e+08 2.56095335e+08 2.47890271e+08 2.37656602e+08
 2.25752968e+08 2.12773753e+08 1.99669349e+08 1.87904022e+08
 1.79638538e+08 1.77889484e+08 1.86553986e+08 2.10108734e+08
 2.52762257e+08 3.17001746e+08 4.01942192e+08 5.02437391e+08
 6.09877236e+08 7.14566213e+08 8.08364389e+08 8.86180489e+08
 9.45939003e+08 9.87604438e+08 1.01202741e+09 1.02005625e+09
 1.01202741e+09 9.87604438e+08 9.45939003e+08 8.86180489e+08
 8.08364389e+08 7.14566213e+08 6.09877236e+08 5.02437391e+08
 4.01942192e+08 3.17001746e+08 2.52762257e+08 2.10108734e+08
 1.86553986e+08 1.77889484e+08 1.79638538e+08 1.87904022e+08
 1.99669349e+08 2.12773753e+08 2.25752968e+08 2.37656602e+08
 2.47890271e+08 2.56095335e+08 2.62063835e+08 2.65681667e+08
 2.66893126e+08]","[0.13875803 0.1537693  0.19834704 0.2708201  0.36744737 0.48125127
 0.6011396  0.71230335 0.79875474 0.84767203 0.85346747 0.81906496
 0.75374029 0.66924041 0.57644303 0.48364292 0.39627834 0.31742629
 0.24850814 0.18991809 0.14148637 0.10278564 0.07331949 0.05263199
 0.04036816 0.03630541 0.04036816 0.05263199 0.07331949 0.10278564
 0.14148637 0.18991809 0.24850814 0.31742629 0.39627834 0.48364292
 0.57644303 0.66924041 0.75374029 0.81906496 0.85346747 0.84767203
 0.79875474 0.71230335 0.6011396  0.48125127 0.36744737 0.2708201
 0.19834704 0.1537693  0.13875803 0.1537693  0.19834704 0.2708201
 0.36744737 0.48125127 0.6011396  0.71230335 0.79875474 0.84767203
 0.85346747 0.81906496 0.75374029 0.66924041 0.57644303 0.48364292
 0.39627834 0.31742629 0.24850814 0.18991809 0.14148637 0.10278564
 0.07331949 0.05263199 0.04036816 0.03630541 0.04036816 0.05263199
 0.07331949 0.10278564 0.14148637 0.18991809 0.24850814 0.31742629
 0.39627834 0.48364292 0.57644303 0.66924041 0.75374029 0.81906496
 0.85346747 0.84767203 0.79875474 0.71230335 0.6011396  0.48125127
 0.36744737 0.2708201  0.19834704 0.1537693  0.13875803]"
2284,C2v,50,50,0000001111000000000000000000000000000000111100000000000011111000000000000000000000000000011111000000000001111111111000000000000000000001111111111000000000011111111110000000000000000000011111111110000000000111111111111100000000000000111111111111100000000011111111111111100000000000011111111111111100000000111111111111111000000000000111111111111111000000001111111111111111110000001111111111111111110000000111111111111111111110000111111111111111111110000011111111111111111111111111111111111111111111110000111111111111111111111111111111111111111111111100001111111111111111111111111111111111111111111111000111111111111111111111111111111111111111111111111001111111111111111111111111111111111111111111111110011111111111111111111111111111111111111111111111100111111111111111111111111111111111111111111111111001111111111111111111111111111111111111111111111110111111111111111111111111111111111111111111111111111111111111111111111111111111111111111111111111111111111111111111111111111111111111111111111111111111111111111111111111111111111111111111111111111111111111111111111111111111111111111111111111111111111111111111111111111111111111111111111111111111111111111111111111111111111111111111111111111111111111111111111111111111111111111111111111111111111111111111111111111111111111111111111111111111111111111111111111111111111111111111111111111111111111111111111111111111111111111111111111111111111111111111111111111111111111111111111111111111111111111111111111111111111111111111111111111111111111111111111111111111111111111111111111111111111111111111111111111111111111111111111111111111111111111111111111111111111111111111111111111111111111111111111111111111110111111111111111111111111111111111111111111111111001111111111111111111111111111111111111111111111110011111111111111111111111111111111111111111111111100111111111111111111111111111111111111111111111111001111111111111111111111111111111111111111111111110001111111111111111111111111111111111111111111111000011111111111111111111111111111111111111111111110000111111111111111111111111111111111111111111111100000111111111111111111110000111111111111111111110000000111111111111111111000000111111111111111111000000001111111111111110000000000001111111111111110000000011111111111111100000000000011111111111111100000000011111111111110000000000000011111111111110000000000111111111100000000000000000000111111111100000000001111111111000000000000000000001111111111000000000001111100000000000000000000000000001111100000000000011110000000000000000000000000000001111000000,Plane Strain,977232280.0,123615468.0,816407948.7,0,0,214446379.8,1e-09,,2240000000,0.49253731,"[9.58515186e+08 9.54299233e+08 9.41756631e+08 9.21221386e+08
 8.93308173e+08 8.58988584e+08 8.19672938e+08 7.77267058e+08
 7.34162792e+08 6.93119939e+08 6.57015747e+08 6.28480988e+08
 6.09497377e+08 6.01070597e+08 6.03085216e+08 6.14386452e+08
 6.33050147e+08 6.56743107e+08 6.83067879e+08 7.09820473e+08
 7.35137622e+08 7.57547330e+08 7.75953740e+08 7.89588443e+08
 7.97953309e+08 8.00771151e+08 7.97953309e+08 7.89588443e+08
 7.75953740e+08 7.57547330e+08 7.35137622e+08 7.09820473e+08
 6.83067879e+08 6.56743107e+08 6.33050147e+08 6.14386452e+08
 6.03085216e+08 6.01070597e+08 6.09497377e+08 6.28480988e+08
 6.57015747e+08 6.93119939e+08 7.34162792e+08 7.77267058e+08
 8.19672938e+08 8.58988584e+08 8.93308173e+08 9.21221386e+08
 9.41756631e+08 9.54299233e+08 9.58515186e+08 9.54299233e+08
 9.41756631e+08 9.21221386e+08 8.93308173e+08 8.58988584e+08
 8.19672938e+08 7.77267058e+08 7.34162792e+08 6.93119939e+08
 6.57015747e+08 6.28480988e+08 6.09497377e+08 6.01070597e+08
 6.03085216e+08 6.14386452e+08 6.33050147e+08 6.56743107e+08
 6.83067879e+08 7.09820473e+08 7.35137622e+08 7.57547330e+08
 7.75953740e+08 7.89588443e+08 7.97953309e+08 8.00771151e+08
 7.97953309e+08 7.89588443e+08 7.75953740e+08 7.57547330e+08
 7.35137622e+08 7.09820473e+08 6.83067879e+08 6.56743107e+08
 6.33050147e+08 6.14386452e+08 6.03085216e+08 6.01070597e+08
 6.09497377e+08 6.28480988e+08 6.57015747e+08 6.93119939e+08
 7.34162792e+08 7.77267058e+08 8.19672938e+08 8.58988584e+08
 8.93308173e+08 9.21221386e+08 9.41756631e+08 9.54299233e+08
 9.58515186e+08]","[0.12649548 0.12970588 0.13926822 0.1549638  0.17638858 0.20289738
 0.23353537 0.26697129 0.30145621 0.33484071 0.36468586 0.38848995
 0.40401954 0.40968374 0.40484916 0.38998964 0.36661357 0.33699315
 0.30378824 0.26967752 0.23708014 0.20799936 0.18397485 0.16610776
 0.15511963 0.15141385 0.15511963 0.16610776 0.18397485 0.20799936
 0.23708014 0.26967752 0.30378824 0.33699315 0.36661357 0.38998964
 0.40484916 0.40968374 0.40401954 0.38848995 0.36468586 0.33484071
 0.30145621 0.26697129 0.23353537 0.20289738 0.17638858 0.1549638
 0.13926822 0.12970588 0.12649548 0.12970588 0.13926822 0.1549638
 0.17638858 0.20289738 0.23353537 0.26697129 0.30145621 0.33484071
 0.36468586 0.38848995 0.40401954 0.40968374 0.40484916 0.38998964
 0.36661357 0.33699315 0.30378824 0.26967752 0.23708014 0.20799936
 0.18397485 0.16610776 0.15511963 0.15141385 0.15511963 0.16610776
 0.18397485 0.20799936 0.23708014 0.26967752 0.30378824 0.33699315
 0.36661357 0.38998964 0.40484916 0.40968374 0.40401954 0.38848995
 0.36468586 0.33484071 0.30145621 0.26697129 0.23353537 0.20289738
 0.17638858 0.1549638  0.13926822 0.12970588 0.12649548]"
48036,C2v,50,50,1111111111111111111111111111111111111111111111111111111111111111111111111111111111111111111111111111111111111111111111111111111111111111111111111111111111111111111111111111111111111111111111111111111111111111111111111111111111111111111111111111111111111111111111111111111111111111111111111111111111110001111111111111111111111111111111111111111111100000011111111111111111111111111111111111111111111000000111111111111111111111111111111111111111111110000000011100000011111111111111111111110000001110000000000100000000111111111111111111111100000000100000000001000011111111111111111111111111111100001000000000010000111110000000000000000000011111000010000000000100001111100000000000000000000111110000100000000000000011111000000000000000000001111100000000000000000000111111100000000000000001111111000000000000000000111111111000000000000000011111111100000000000000001111111110000000000000000111111111000000000000000011111111111111110011111111111111110000000000000111111111111111111100111111111111111111100000111111111111111111111111111111111111111111111111111111111111111111111111111111111111111111111111111111111111111111111111111111111111111111111111111111111111111111111111111111111111111111111111111111111111111111111111111111111111111111111111111111111111111111111111111111111111111111111111111111111111111111111111111111111111111111111111111111111111111111111111111111111111111111111111111111111111111111111111111111111111111111111111111111111111111111111111111111111111111111111111111111111111111111110000011111111111111111110011111111111111111110000000000000111111111111111100111111111111111100000000000000001111111110000000000000000111111111000000000000000011111111100000000000000001111111110000000000000000001111111000000000000000011111110000000000000000000011111000000000000000000001111100000000000000010000111110000000000000000000011111000010000000000100001111100000000000000000000111110000100000000001000011111111111111111111111111111100001000000000010000000011111111111111111111110000000010000000000111000000111111111111111111111100000011100000000111111111111111111111111111111111111111111110000001111111111111111111111111111111111111111111100000011111111111111111111111111111111111111111111000111111111111111111111111111111111111111111111111111111111111111111111111111111111111111111111111111111111111111111111111111111111111111111111111111111111111111111111111111111111111111111111111111111111111111111111111111111111111111111111111111111111111111111111111111111111111111111111111111111111111,Plane Strain,1197475337.0,98485175.17,347881722.5,0,0,122997083.7,1e-09,,2240000000,0.49253731,"[1.16959422e+09 1.16094351e+09 1.13501663e+09 1.09201169e+09
 1.03264211e+09 9.58610006e+08 8.73030975e+08 7.80556791e+08
 6.86980016e+08 5.98318787e+08 5.19684407e+08 4.54397089e+08
 4.03680011e+08 3.66937096e+08 3.42364232e+08 3.27598405e+08
 3.20217873e+08 3.18040928e+08 3.19255145e+08 3.22436239e+08
 3.26509533e+08 3.30690079e+08 3.34421795e+08 3.37325171e+08
 3.39156910e+08 3.39781907e+08 3.39156910e+08 3.37325171e+08
 3.34421795e+08 3.30690079e+08 3.26509533e+08 3.22436239e+08
 3.19255145e+08 3.18040928e+08 3.20217873e+08 3.27598405e+08
 3.42364232e+08 3.66937096e+08 4.03680011e+08 4.54397089e+08
 5.19684407e+08 5.98318787e+08 6.86980016e+08 7.80556791e+08
 8.73030975e+08 9.58610006e+08 1.03264211e+09 1.09201169e+09
 1.13501663e+09 1.16094351e+09 1.16959422e+09 1.16094351e+09
 1.13501663e+09 1.09201169e+09 1.03264211e+09 9.58610006e+08
 8.73030975e+08 7.80556791e+08 6.86980016e+08 5.98318787e+08
 5.19684407e+08 4.54397089e+08 4.03680011e+08 3.66937096e+08
 3.42364232e+08 3.27598405e+08 3.20217873e+08 3.18040928e+08
 3.19255145e+08 3.22436239e+08 3.26509533e+08 3.30690079e+08
 3.34421795e+08 3.37325171e+08 3.39156910e+08 3.39781907e+08
 3.39156910e+08 3.37325171e+08 3.34421795e+08 3.30690079e+08
 3.26509533e+08 3.22436239e+08 3.19255145e+08 3.18040928e+08
 3.20217873e+08 3.27598405e+08 3.42364232e+08 3.66937096e+08
 4.03680011e+08 4.54397089e+08 5.19684407e+08 5.98318787e+08
 6.86980016e+08 7.80556791e+08 8.73030975e+08 9.58610006e+08
 1.03264211e+09 1.09201169e+09 1.13501663e+09 1.16094351e+09
 1.16959422e+09]","[0.08224401 0.08553203 0.09542031 0.11197575 0.13528968 0.16544379
 0.20245461 0.24618897 0.29624211 0.35177225 0.41129513 0.47246331
 0.53189325 0.5851539  0.62706888 0.65245637 0.65727732 0.63989377
 0.60191505 0.54816774 0.48573183 0.42246752 0.36564251 0.321066
 0.29277853 0.2830996  0.29277853 0.321066   0.36564251 0.42246752
 0.48573183 0.54816774 0.60191505 0.63989377 0.65727732 0.65245637
 0.62706888 0.5851539  0.53189325 0.47246331 0.41129513 0.35177225
 0.29624211 0.24618897 0.20245461 0.16544379 0.13528968 0.11197575
 0.09542031 0.08553203 0.08224401 0.08553203 0.09542031 0.11197575
 0.13528968 0.16544379 0.20245461 0.24618897 0.29624211 0.35177225
 0.41129513 0.47246331 0.53189325 0.5851539  0.62706888 0.65245637
 0.65727732 0.63989377 0.60191505 0.54816774 0.48573183 0.42246752
 0.36564251 0.321066   0.29277853 0.2830996  0.29277853 0.321066
 0.36564251 0.42246752 0.48573183 0.54816774 0.60191505 0.63989377
 0.65727732 0.65245637 0.62706888 0.5851539  0.53189325 0.47246331
 0.41129513 0.35177225 0.29624211 0.24618897 0.20245461 0.16544379
 0.13528968 0.11197575 0.09542031 0.08553203 0.08224401]"
69547,C2v,50,50,0000000001111111111111111111111111111111100000000000000000011111111111111111111111111111111000000000000000000111111111111111111111111111111110000000000000000001111111111111111111111111111111100000000011100000111111111111111111111111111111111100000111111111111111111111111111111111111111111111111111110011111111111111111111111111111111111111111111110000011111111111111111111111111111111111111111111000000111111111111111111111111111111111111111111110000000001111111111111111111111111111111111111100000000000011111111111111111111111111111111111111000000000000111111111111111111111111111111111111110000000000000111111111111111111111111111111111111000000000000001111111111111111111111111111111111110000000000000011111111111111111111111111111111111100000000000000011111111111111111111111111111111110000000000000000001111111111111111111111111111110000000000000000000011111111111111111111111111111100000000000000000000111111111111111111111111111111000000000000000000001111111111111111111111111111110000000000000000000011111111111111111111111111111100000000000000000001111111111111111111111111111111100000000000000000011111111111111111111111111111111000000000000000000111111111111111111111111111111110000000000000000111111111111111111111111111111111111000000000000001111111111111111111111111111111111110000000000000000111111111111111111111111111111110000000000000000001111111111111111111111111111111100000000000000000011111111111111111111111111111111000000000000000000011111111111111111111111111111100000000000000000000111111111111111111111111111111000000000000000000001111111111111111111111111111110000000000000000000011111111111111111111111111111100000000000000000000111111111111111111111111111111000000000000000000111111111111111111111111111111111100000000000000011111111111111111111111111111111111100000000000000111111111111111111111111111111111111000000000000001111111111111111111111111111111111110000000000000111111111111111111111111111111111111110000000000001111111111111111111111111111111111111100000000000011111111111111111111111111111111111111000000000111111111111111111111111111111111111111111110000001111111111111111111111111111111111111111111100000111111111111111111111111111111111111111111111100111111111111111111111111111111111111111111111111111110000011111111111111111111111111111111110000011100000000011111111111111111111111111111111000000000000000000111111111111111111111111111111110000000000000000001111111111111111111111111111111100000000000000000011111111111111111111111111111111000000000,Plane Strain,259171625.4,61030191.95,1285503013.0,0,0,30783554.05,1e-09,,2240000000,0.49253731,"[2.56274173e+08 2.54688239e+08 2.49933883e+08 2.42027302e+08
 2.31016338e+08 2.17016499e+08 2.00271591e+08 1.81250533e+08
 1.60796292e+08 1.40345124e+08 1.22228021e+08 1.10036543e+08
 1.08956065e+08 1.25813471e+08 1.68378855e+08 2.43401968e+08
 3.53393172e+08 4.93515085e+08 6.51115680e+08 8.09310979e+08
 9.52685287e+08 1.07135086e+09 1.16150328e+09 1.22350205e+09
 1.25940887e+09 1.27113152e+09 1.25940887e+09 1.22350205e+09
 1.16150328e+09 1.07135086e+09 9.52685287e+08 8.09310979e+08
 6.51115680e+08 4.93515085e+08 3.53393172e+08 2.43401968e+08
 1.68378855e+08 1.25813471e+08 1.08956065e+08 1.10036543e+08
 1.22228021e+08 1.40345124e+08 1.60796292e+08 1.81250533e+08
 2.00271591e+08 2.17016499e+08 2.31016338e+08 2.42027302e+08
 2.49933883e+08 2.54688239e+08 2.56274173e+08 2.54688239e+08
 2.49933883e+08 2.42027302e+08 2.31016338e+08 2.17016499e+08
 2.00271591e+08 1.81250533e+08 1.60796292e+08 1.40345124e+08
 1.22228021e+08 1.10036543e+08 1.08956065e+08 1.25813471e+08
 1.68378855e+08 2.43401968e+08 3.53393172e+08 4.93515085e+08
 6.51115680e+08 8.09310979e+08 9.52685287e+08 1.07135086e+09
 1.16150328e+09 1.22350205e+09 1.25940887e+09 1.27113152e+09
 1.25940887e+09 1.22350205e+09 1.16150328e+09 1.07135086e+09
 9.52685287e+08 8.09310979e+08 6.51115680e+08 4.93515085e+08
 3.53393172e+08 2.43401968e+08 1.68378855e+08 1.25813471e+08
 1.08956065e+08 1.10036543e+08 1.22228021e+08 1.40345124e+08
 1.60796292e+08 1.81250533e+08 2.00271591e+08 2.17016499e+08
 2.31016338e+08 2.42027302e+08 2.49933883e+08 2.54688239e+08
 2.56274173e+08]","[0.23548177 0.25621685 0.31787549 0.41824168 0.55178492 0.70740438
 0.86686374 1.00610862 1.10104014 1.13595912 1.10929594 1.032469
 0.9233977  0.79967415 0.67472439 0.55704992 0.45113017 0.35873913
 0.28006962 0.21451356 0.16114285 0.11898187 0.08715077 0.0649348
 0.05181432 0.04747573 0.05181432 0.0649348  0.08715077 0.11898187
 0.16114285 0.21451356 0.28006962 0.35873913 0.45113017 0.55704992
 0.67472439 0.79967415 0.9233977  1.032469   1.10929594 1.13595912
 1.10104014 1.00610862 0.86686374 0.70740438 0.55178492 0.41824168
 0.31787549 0.25621685 0.23548177 0.25621685 0.31787549 0.41824168
 0.55178492 0.70740438 0.86686374 1.00610862 1.10104014 1.13595912
 1.10929594 1.032469   0.9233977  0.79967415 0.67472439 0.55704992
 0.45113017 0.35873913 0.28006962 0.21451356 0.16114285 0.11898187
 0.08715077 0.0649348  0.05181432 0.04747573 0.05181432 0.0649348
 0.08715077 0.11898187 0.16114285 0.21451356 0.28006962 0.35873913
 0.45113017 0.55704992 0.67472439 0.79967415 0.9233977  1.032469
 1.10929594 1.13595912 1.10104014 1.00610862 0.86686374 0.70740438
 0.55178492 0.41824168 0.31787549 0.25621685 0.23548177]"
40958,C2v,50,50,0000000011111100001111111111111100001111110000000000000000111111000011111111111111000011111100000000000000001111100000111111111111110000011111000000000000000011111000011111111111111110000111110000000000000111111110011111111111111111111001111111100000000011111111100111111111111111111110011111111100000000111111111001111111111111111111100111111111000000001111111110011111111111111111111001111111110000111111111111100111111111111111111110011111111111110000111111111001111111111111111111100111111111000000001111111110011111111111111111111001111111110000000011111111111111111111111111111111111111111100000000000000001111111111111111111111111100000000000000000000000011111111111111111111111111000000000000000000000000111111111111111111111111110000000000000000000000001111111111111111111111111100000000000000000000000011111111111111111111111111000000000000000000000000111111111111111111111111110000000000000000000000001111111111111111111111111100000000000000000000000011111111111111111111111111000000000000000000000000111111111111111111111111110000000000000000000000111111111111111111111111111111000000000000000000001111111111111111111111111111110000000000000000000111111111111111111111111111111110000000000000000001111111111111111111111111111111100000000000000000011111111111111111111111111111111000000000000000000111111111111111111111111111111110000000000000000000111111111111111111111111111111000000000000000000001111111111111111111111111111110000000000000000000000111111111111111111111111110000000000000000000000001111111111111111111111111100000000000000000000000011111111111111111111111111000000000000000000000000111111111111111111111111110000000000000000000000001111111111111111111111111100000000000000000000000011111111111111111111111111000000000000000000000000111111111111111111111111110000000000000000000000001111111111111111111111111100000000000000000000000011111111111111111111111111000000000000000011111111111111111111111111111111111111111100000000111111111001111111111111111111100111111111000000001111111110011111111111111111111001111111110000111111111111100111111111111111111110011111111111110000111111111001111111111111111111100111111111000000001111111110011111111111111111111001111111110000000011111111100111111111111111111110011111111100000000011111111001111111111111111111100111111110000000000000111110000111111111111111100001111100000000000000001111100000111111111111110000011111000000000000000011111100001111111111111100001111110000000000000000111111000011111111111111000011111100000000,Plane Strain,169445634.7,91619045.25,959524115.0,0,0,8131719.52,1e-09,,2240000000,0.49253731,"[1.60697497e+08 1.59461549e+08 1.55753195e+08 1.49574683e+08
 1.40943226e+08 1.29914296e+08 1.16620906e+08 1.01336579e+08
 8.45728782e+07 6.72249040e+07 5.07765293e+07 3.75633295e+07
 3.10492462e+07 3.59818075e+07 5.81465155e+07 1.03325962e+08
 1.75235282e+08 2.72954270e+08 3.89444597e+08 5.12814348e+08
 6.30106279e+08 7.31192478e+08 8.10495922e+08 8.66337520e+08
 8.99181309e+08 9.09985810e+08 8.99181309e+08 8.66337520e+08
 8.10495922e+08 7.31192478e+08 6.30106279e+08 5.12814348e+08
 3.89444597e+08 2.72954270e+08 1.75235282e+08 1.03325962e+08
 5.81465155e+07 3.59818075e+07 3.10492462e+07 3.75633295e+07
 5.07765293e+07 6.72249040e+07 8.45728782e+07 1.01336579e+08
 1.16620906e+08 1.29914296e+08 1.40943226e+08 1.49574683e+08
 1.55753195e+08 1.59461549e+08 1.60697497e+08 1.59461549e+08
 1.55753195e+08 1.49574683e+08 1.40943226e+08 1.29914296e+08
 1.16620906e+08 1.01336579e+08 8.45728782e+07 6.72249040e+07
 5.07765293e+07 3.75633295e+07 3.10492462e+07 3.59818075e+07
 5.81465155e+07 1.03325962e+08 1.75235282e+08 2.72954270e+08
 3.89444597e+08 5.12814348e+08 6.30106279e+08 7.31192478e+08
 8.10495922e+08 8.66337520e+08 8.99181309e+08 9.09985810e+08
 8.99181309e+08 8.66337520e+08 8.10495922e+08 7.31192478e+08
 6.30106279e+08 5.12814348e+08 3.89444597e+08 2.72954270e+08
 1.75235282e+08 1.03325962e+08 5.81465155e+07 3.59818075e+07
 3.10492462e+07 3.75633295e+07 5.07765293e+07 6.72249040e+07
 8.45728782e+07 1.01336579e+08 1.16620906e+08 1.29914296e+08
 1.40943226e+08 1.49574683e+08 1.55753195e+08 1.59461549e+08
 1.60697497e+08]","[0.54069876 0.56343034 0.6303845  0.7371952  0.87467612 1.02698471
 1.17148185 1.28239275 1.33838964 1.33031835 1.26369622 1.15444489
 1.02158664 0.88154257 0.74578491 0.62100664 0.51034542 0.41469021
 0.33368878 0.26641079 0.21174205 0.16860085 0.13604725 0.11333273
 0.0999192  0.09548384 0.0999192  0.11333273 0.13604725 0.16860085
 0.21174205 0.26641079 0.33368878 0.41469021 0.51034542 0.62100664
 0.74578491 0.88154257 1.02158664 1.15444489 1.26369622 1.33031835
 1.33838964 1.28239275 1.17148185 1.02698471 0.87467612 0.7371952
 0.6303845  0.56343034 0.54069876 0.56343034 0.6303845  0.7371952
 0.87467612 1.02698471 1.17148185 1.28239275 1.33838964 1.33031835
 1.26369622 1.15444489 1.02158664 0.88154257 0.74578491 0.62100664
 0.51034542 0.41469021 0.33368878 0.26641079 0.21174205 0.16860085
 0.13604725 0.11333273 0.0999192  0.09548384 0.0999192  0.11333273
 0.13604725 0.16860085 0.21174205 0.26641079 0.33368878 0.41469021
 0.51034542 0.62100664 0.74578491 0.88154257 1.02158664 1.15444489
 1.26369622 1.33031835 1.33838964 1.28239275 1.17148185 1.02698471
 0.87467612 0.7371952  0.6303845  0.56343034 0.54069876]"
1478,C2v,50,50,0000000000000000001111100001111100000000000000000000000000000001111111111000011111111110000000000000000000000111111111111110000111111111111110000000000000000011111111111111100001111111111111110000000000000000111111111111111000011111111111111100000000000000111111111111111110000111111111111111110000000000001111111111111111100001111111111111111100000000000111111111111111111000011111111111111111100000000111111111111111111110000111111111111111111110000001111111111000011111100001111110000111111111100000011111111100000111111000011111100000111111111000000111111111000001111111001111111000001111111110000011111111100000011111110011111110000001111111110000111111110000001111111100111111110000001111111100001111111100000111111111111111111110000011111111000011111111100011111111111111111111110001111111110000111111111001111111111100111111111110011111111100011111111111111111111110000111111111111111111111100111111111111111111111000000111111111111111111111001111111111111111111100000000111111111111111111110011111111111111111110000000000111111111111111111101111111111111111111100000000001111111111111111111111111111111111111110000000000001111111111111111111111111111111111111000000000000001111111111111111111111111111111111100000000000000001111111111111111111111111111111111000000000000000011111111111111111111111111111111111000000000000001111111111111111111111111111111111111000000000000111111111111111111111111111111111111111000000000011111111111111111111011111111111111111110000000000111111111111111111100111111111111111111110000000011111111111111111111001111111111111111111110000001111111111111111111110011111111111111111111110000111111111111111111111100011111111100111111111110011111111111001111111110000111111111000111111111111111111111100011111111100001111111100000111111111111111111110000011111111000011111111000000111111110011111111000000111111110000111111111000000111111100111111100000011111111100000111111111000001111111001111111000001111111110000001111111110000011111100001111110000011111111100000011111111110000111111000011111100001111111111000000111111111111111111110000111111111111111111110000000011111111111111111100001111111111111111110000000000011111111111111111000011111111111111111000000000000111111111111111110000111111111111111110000000000000011111111111111100001111111111111110000000000000000111111111111111000011111111111111100000000000000000111111111111110000111111111111110000000000000000000000111111111100001111111111000000000000000000000000000000011111000011111000000000000000000,Plane Strain,384944499.9,154257835.6,391755075.8,0,0,137008578.6,1e-09,,2240000000,0.49253731,"[3.24203794e+08 3.24835171e+08 3.26685353e+08 3.29626693e+08
 3.33459758e+08 3.37931075e+08 3.42754109e+08 3.47630827e+08
 3.52271588e+08 3.56411935e+08 3.59825645e+08 3.62334112e+08
 3.63812580e+08 3.64193886e+08 3.63470308e+08 3.61693848e+08
 3.58974963e+08 3.55479375e+08 3.51422351e+08 3.47059715e+08
 3.42675013e+08 3.38562695e+08 3.35007872e+08 3.32264160e+08
 3.30531916e+08 3.29939724e+08 3.30531916e+08 3.32264160e+08
 3.35007872e+08 3.38562695e+08 3.42675013e+08 3.47059715e+08
 3.51422351e+08 3.55479375e+08 3.58974963e+08 3.61693848e+08
 3.63470308e+08 3.64193886e+08 3.63812580e+08 3.62334112e+08
 3.59825645e+08 3.56411935e+08 3.52271588e+08 3.47630827e+08
 3.42754109e+08 3.37931075e+08 3.33459758e+08 3.29626693e+08
 3.26685353e+08 3.24835171e+08 3.24203794e+08 3.24835171e+08
 3.26685353e+08 3.29626693e+08 3.33459758e+08 3.37931075e+08
 3.42754109e+08 3.47630827e+08 3.52271588e+08 3.56411935e+08
 3.59825645e+08 3.62334112e+08 3.63812580e+08 3.64193886e+08
 3.63470308e+08 3.61693848e+08 3.58974963e+08 3.55479375e+08
 3.51422351e+08 3.47059715e+08 3.42675013e+08 3.38562695e+08
 3.35007872e+08 3.32264160e+08 3.30531916e+08 3.29939724e+08
 3.30531916e+08 3.32264160e+08 3.35007872e+08 3.38562695e+08
 3.42675013e+08 3.47059715e+08 3.51422351e+08 3.55479375e+08
 3.58974963e+08 3.61693848e+08 3.63470308e+08 3.64193886e+08
 3.63812580e+08 3.62334112e+08 3.59825645e+08 3.56411935e+08
 3.52271588e+08 3.47630827e+08 3.42754109e+08 3.37931075e+08
 3.33459758e+08 3.29626693e+08 3.26685353e+08 3.24835171e+08
 3.24203794e+08]","[0.40072747 0.3995595  0.39613958 0.39071136 0.38365451 0.37544973
 0.36663764 0.35777691 0.34940614 0.34201223 0.33600642 0.33170758
 0.32933185 0.32898705 0.33067067 0.3342709  0.33957032 0.34625316
 0.35391683 0.36208915 0.37025206 0.37787193 0.38443542 0.38948829
 0.39267306 0.39376091 0.39267306 0.38948829 0.38443542 0.37787193
 0.37025206 0.36208915 0.35391683 0.34625316 0.33957032 0.3342709
 0.33067067 0.32898705 0.32933185 0.33170758 0.33600642 0.34201223
 0.34940614 0.35777691 0.36663764 0.37544973 0.38365451 0.39071136
 0.39613958 0.3995595  0.40072747 0.3995595  0.39613958 0.39071136
 0.38365451 0.37544973 0.36663764 0.35777691 0.34940614 0.34201223
 0.33600642 0.33170758 0.32933185 0.32898705 0.33067067 0.3342709
 0.33957032 0.34625316 0.35391683 0.36208915 0.37025206 0.37787193
 0.38443542 0.38948829 0.39267306 0.39376091 0.39267306 0.38948829
 0.38443542 0.37787193 0.37025206 0.36208915 0.35391683 0.34625316
 0.33957032 0.3342709  0.33067067 0.32898705 0.32933185 0.33170758
 0.33600642 0.34201223 0.34940614 0.35777691 0.36663764 0.37544973
 0.38365451 0.39071136 0.39613958 0.3995595  0.40072747]"
6497,C2v,50,50,1110000011111111111111111111111111111111110000011111100000111111111111111111111111111111111100000111011000001111111111111111111111111111111111000001100111000011111111111111111111111111111111110000111000011111111111111111111111111111111111111111111000000011111111111111111111111111111111111111111100000000111111111111111111111111111111111111111111000000000000111111111111111111111111111111111100000000000000001111111111111111111111111111111111000000000000000011111111111111111111111111111111110000000000000000111111111111111111111111111111111100000000000000001111111111111111111111111111111111000000000000000011111111111111111111111111111111110000000000000000111111111111111111111111111111111100000000000011111111111111111111111111111111111111111100000000111111111111111111111111111111111111111111000000001111111111111111111111111111111111111111110000000011111111111111111111111111111111111111111100000000111111111111111111111111111111111111111111000000001111111111111111111111111111111111111111110000000011111111111111111111111111111111111111111100000000111111111111111111111111111111111111111111000000001111111111111111111111111111111111111111110000000001111111111111111111111111111111111111111000000000011111111111111111111111111111111111111110000000000111111111111111111111111111111111111111100000000001111111111111111111111111111111111111111000000000111111111111111111111111111111111111111111000000001111111111111111111111111111111111111111110000000011111111111111111111111111111111111111111100000000111111111111111111111111111111111111111111000000001111111111111111111111111111111111111111110000000011111111111111111111111111111111111111111100000000111111111111111111111111111111111111111111000000001111111111111111111111111111111111111111110000000011111111111111111111111111111111111111111100000000000011111111111111111111111111111111110000000000000000111111111111111111111111111111111100000000000000001111111111111111111111111111111111000000000000000011111111111111111111111111111111110000000000000000111111111111111111111111111111111100000000000000001111111111111111111111111111111111000000000000000011111111111111111111111111111111110000000000001111111111111111111111111111111111111111110000000011111111111111111111111111111111111111111100000001111111111111111111111111111111111111111111100001110000111111111111111111111111111111111100001110011000001111111111111111111111111111111111000001101110000011111111111111111111111111111111110000011111100000111111111111111111111111111111111100000111,Plane Strain,150217356.5,52353284.63,1435789473.0,0,0,78217324.37,1e-09,,2240000000,0.49253731,"[1.48308395e+08 1.48423823e+08 1.48797470e+08 1.49514564e+08
 1.50728000e+08 1.52675944e+08 1.55709267e+08 1.60331676e+08
 1.67256170e+08 1.77481515e+08 1.92390454e+08 2.13864572e+08
 2.44393855e+08 2.87123929e+08 3.45724095e+08 4.23885096e+08
 5.24232893e+08 6.46631244e+08 7.86405929e+08 9.33752800e+08
 1.07556664e+09 1.19934143e+09 1.29680204e+09 1.36497925e+09
 1.40461657e+09 1.41754347e+09 1.40461657e+09 1.36497925e+09
 1.29680204e+09 1.19934143e+09 1.07556664e+09 9.33752800e+08
 7.86405929e+08 6.46631244e+08 5.24232893e+08 4.23885096e+08
 3.45724095e+08 2.87123929e+08 2.44393855e+08 2.13864572e+08
 1.92390454e+08 1.77481515e+08 1.67256170e+08 1.60331676e+08
 1.55709267e+08 1.52675944e+08 1.50728000e+08 1.49514564e+08
 1.48797470e+08 1.48423823e+08 1.48308395e+08 1.48423823e+08
 1.48797470e+08 1.49514564e+08 1.50728000e+08 1.52675944e+08
 1.55709267e+08 1.60331676e+08 1.67256170e+08 1.77481515e+08
 1.92390454e+08 2.13864572e+08 2.44393855e+08 2.87123929e+08
 3.45724095e+08 4.23885096e+08 5.24232893e+08 6.46631244e+08
 7.86405929e+08 9.33752800e+08 1.07556664e+09 1.19934143e+09
 1.29680204e+09 1.36497925e+09 1.40461657e+09 1.41754347e+09
 1.40461657e+09 1.36497925e+09 1.29680204e+09 1.19934143e+09
 1.07556664e+09 9.33752800e+08 7.86405929e+08 6.46631244e+08
 5.24232893e+08 4.23885096e+08 3.45724095e+08 2.87123929e+08
 2.44393855e+08 2.13864572e+08 1.92390454e+08 1.77481515e+08
 1.67256170e+08 1.60331676e+08 1.55709267e+08 1.52675944e+08
 1.50728000e+08 1.49514564e+08 1.48797470e+08 1.48423823e+08
 1.48308395e+08]","[0.34851688 0.37785555 0.46223253 0.59021603 0.74196588 0.89082856
 1.00899434 1.07586397 1.08426796 1.04047269 0.95883649 0.85538644
 0.74359844 0.63293537 0.52914118 0.43519102 0.35225693 0.28045429
 0.2193461  0.16825628 0.1264525  0.09324704 0.06804885 0.05038833
 0.03992745 0.03646306 0.03992745 0.05038833 0.06804885 0.09324704
 0.1264525  0.16825628 0.2193461  0.28045429 0.35225693 0.43519102
 0.52914118 0.63293537 0.74359844 0.85538644 0.95883649 1.04047269
 1.08426796 1.07586397 1.00899434 0.89082856 0.74196588 0.59021603
 0.46223253 0.37785555 0.34851688 0.37785555 0.46223253 0.59021603
 0.74196588 0.89082856 1.00899434 1.07586397 1.08426796 1.04047269
 0.95883649 0.85538644 0.74359844 0.63293537 0.52914118 0.43519102
 0.35225693 0.28045429 0.2193461  0.16825628 0.1264525  0.09324704
 0.06804885 0.05038833 0.03992745 0.03646306 0.03992745 0.05038833
 0.06804885 0.09324704 0.1264525  0.16825628 0.2193461  0.28045429
 0.35225693 0.43519102 0.52914118 0.63293537 0.74359844 0.85538644
 0.95883649 1.04047269 1.08426796 1.07586397 1.00899434 0.89082856
 0.74196588 0.59021603 0.46223253 0.37785555 0.34851688]"
60970,C2v,50,50,0000000001111111111111111111111111111111100000000000000000011111111111111111111111111111111000000000000000000111111111111111111111111111111110000000000000000001111111111111111111111111111111100000000000000000111111111111111111111111111111111100000000111111111111111111111111111111111111111111111111111111111111111111111111111111111111111111111111111111111111111111111111111111111111111111111111111111111111111111111111111111111111111111111111111111110111111111111111111111111111111111111111111111111001111111111111111111111111111111111111111111111110001111111111111111111111111111111111111111111111000000011100001111111111111111111111111100001110000000000111000011111111111111111111111111000011100000000001110000111111111111111111111111110000111000000000011100001111111111111111111111111100001110000000000000000011111111111111111111111111000000000000000000000000111111111111111111111111110000000000000000000000001111111111111111111111111100000000000000000000000011111111111111111111111111000000000000000000000000111111111111111111111111110000000000000000000000011111111111111111111111111110000000000000000000000111111111111111111111111111100000000000000000000001111111111111111111111111111000000000000000000000111111111111111111111111111111000000000000000000001111111111111111111111111111110000000000000000000001111111111111111111111111111000000000000000000000011111111111111111111111111110000000000000000000000111111111111111111111111111100000000000000000000000111111111111111111111111110000000000000000000000001111111111111111111111111100000000000000000000000011111111111111111111111111000000000000000000000000111111111111111111111111110000000000000000000000001111111111111111111111111100000000000000000111000011111111111111111111111111000011100000000001110000111111111111111111111111110000111000000000011100001111111111111111111111111100001110000000000111000011111111111111111111111111000011100000001111111111111111111111111111111111111111111111000111111111111111111111111111111111111111111111111001111111111111111111111111111111111111111111111110111111111111111111111111111111111111111111111111111111111111111111111111111111111111111111111111111111111111111111111111111111111111111111111111111111111111111111111111111111111111111111111111111111110000000011111111111111111111111111111111110000000000000000011111111111111111111111111111111000000000000000000111111111111111111111111111111110000000000000000001111111111111111111111111111111100000000000000000011111111111111111111111111111111000000000,Plane Strain,657489078.2,139060189.6,1138933936.0,0,0,72685654.63,1e-09,,2240000000,0.49253731,"[6.40510274e+08 6.36282218e+08 6.23618494e+08 6.02600792e+08
 5.73435985e+08 5.36571561e+08 4.92872954e+08 4.43868976e+08
 3.92053196e+08 3.41186282e+08 2.96470728e+08 2.64382003e+08
 2.51908273e+08 2.65096729e+08 3.07203049e+08 3.77217948e+08
 4.69642400e+08 5.75791732e+08 6.86000870e+08 7.91665734e+08
 8.86388735e+08 9.66152228e+08 1.02887090e+09 1.07373168e+09
 1.10058839e+09 1.10952244e+09 1.10058839e+09 1.07373168e+09
 1.02887090e+09 9.66152228e+08 8.86388735e+08 7.91665734e+08
 6.86000870e+08 5.75791732e+08 4.69642400e+08 3.77217948e+08
 3.07203049e+08 2.65096729e+08 2.51908273e+08 2.64382003e+08
 2.96470728e+08 3.41186282e+08 3.92053196e+08 4.43868976e+08
 4.92872954e+08 5.36571561e+08 5.73435985e+08 6.02600792e+08
 6.23618494e+08 6.36282218e+08 6.40510274e+08 6.36282218e+08
 6.23618494e+08 6.02600792e+08 5.73435985e+08 5.36571561e+08
 4.92872954e+08 4.43868976e+08 3.92053196e+08 3.41186282e+08
 2.96470728e+08 2.64382003e+08 2.51908273e+08 2.65096729e+08
 3.07203049e+08 3.77217948e+08 4.69642400e+08 5.75791732e+08
 6.86000870e+08 7.91665734e+08 8.86388735e+08 9.66152228e+08
 1.02887090e+09 1.07373168e+09 1.10058839e+09 1.10952244e+09
 1.10058839e+09 1.07373168e+09 1.02887090e+09 9.66152228e+08
 8.86388735e+08 7.91665734e+08 6.86000870e+08 5.75791732e+08
 4.69642400e+08 3.77217948e+08 3.07203049e+08 2.65096729e+08
 2.51908273e+08 2.64382003e+08 2.96470728e+08 3.41186282e+08
 3.92053196e+08 4.43868976e+08 4.92872954e+08 5.36571561e+08
 5.73435985e+08 6.02600792e+08 6.23618494e+08 6.36282218e+08
 6.40510274e+08]","[0.2115019  0.21981105 0.2446173  0.28547275 0.34135011 0.41023382
 0.48861531 0.57105257 0.65008751 0.716881   0.76275105 0.78129714
 0.77022449 0.73190613 0.6723921  0.59947667 0.52080043 0.44264075
 0.369493   0.3042007  0.24833326 0.2026     0.16719893 0.14207262
 0.12707917 0.1220968  0.12707917 0.14207262 0.16719893 0.2026
 0.24833326 0.3042007  0.369493   0.44264075 0.52080043 0.59947667
 0.6723921  0.73190613 0.77022449 0.78129714 0.76275105 0.716881
 0.65008751 0.57105257 0.48861531 0.41023382 0.34135011 0.28547275
 0.2446173  0.21981105 0.2115019  0.21981105 0.2446173  0.28547275
 0.34135011 0.41023382 0.48861531 0.57105257 0.65008751 0.716881
 0.76275105 0.78129714 0.77022449 0.73190613 0.6723921  0.59947667
 0.52080043 0.44264075 0.369493   0.3042007  0.24833326 0.2026
 0.16719893 0.14207262 0.12707917 0.1220968  0.12707917 0.14207262
 0.16719893 0.2026     0.24833326 0.3042007  0.369493   0.44264075
 0.52080043 0.59947667 0.6723921  0.73190613 0.77022449 0.78129714
 0.76275105 0.716881   0.65008751 0.57105257 0.48861531 0.41023382
 0.34135011 0.28547275 0.2446173  0.21981105 0.2115019 ]"
69725,C2v,50,50,0000000011000000000000000000000000000000110000000000000000110000000000000000000000000000001100000000000000001100000000000000000000000000000011000000000000000011110000000000000000000000000011110000000000000000111100000000000000000000000000111100000000000000001111000000000000000000000000001111000000000000000011110000000000000000000000000011110000000000000000111100000000000000000000000000111100000000000000001111111111111111111111111111111111000000000000000011111111111111111111111111111111110000000000000000111111111111111111111111111111111100000000000000001111111111111111111111111111111111000000000000000011111111111111111111111111111111110000000000000000111111111111111111111111111111111100000000000000001111111111111111111111111111111111000000000000000111111111111111111111111111111111111000000000000001111111111111111111111111111111111110000000000000111111111111111111111111111111111111110000000011111111111111111111111111111111111111111111110000111111111111111111111111111111111111111111111100111111111111111111111111111111111111111111111111111111111111111111111111111111111111111111111111111111111111111111111111111111111111111111111111111111111111111111111111111111111111111111111111111111111111111111111111111111111111111111111111111111111111111111111111111111111111111111111111111111111111111111111111111111111111111111111111111111111111111111111111111111111111111111111111111111111111111111111111111111111111111111111111111111111111111111111111111111111111111111111111111111111111111111110011111111111111111111111111111111111111111111110000111111111111111111111111111111111111111111111100000000111111111111111111111111111111111111110000000000000111111111111111111111111111111111111000000000000001111111111111111111111111111111111110000000000000001111111111111111111111111111111111000000000000000011111111111111111111111111111111110000000000000000111111111111111111111111111111111100000000000000001111111111111111111111111111111111000000000000000011111111111111111111111111111111110000000000000000111111111111111111111111111111111100000000000000001111111111111111111111111111111111000000000000000011110000000000000000000000000011110000000000000000111100000000000000000000000000111100000000000000001111000000000000000000000000001111000000000000000011110000000000000000000000000011110000000000000000111100000000000000000000000000111100000000000000001100000000000000000000000000000011000000000000000011000000000000000000000000000000110000000000000000110000000000000000000000000000001100000000,Plane Strain,685153457.8,19863072.79,296921755.4,0,0,19462921.86,1e-09,,2240000000,0.49253731,"[6.83824685e+08 6.78394498e+08 6.61876213e+08 6.33644486e+08
 5.92875015e+08 5.38951577e+08 4.72153233e+08 3.94593564e+08
 3.11106534e+08 2.29391093e+08 1.58668788e+08 1.06928636e+08
 7.81911088e+07 7.15716980e+07 8.25342319e+07 1.05128488e+08
 1.33816789e+08 1.64346316e+08 1.93859242e+08 2.20633808e+08
 2.43740951e+08 2.62747974e+08 2.77503375e+08 2.87994945e+08
 2.94262216e+08 2.96345911e+08 2.94262216e+08 2.87994945e+08
 2.77503375e+08 2.62747974e+08 2.43740951e+08 2.20633808e+08
 1.93859242e+08 1.64346316e+08 1.33816789e+08 1.05128488e+08
 8.25342319e+07 7.15716980e+07 7.81911088e+07 1.06928636e+08
 1.58668788e+08 2.29391093e+08 3.11106534e+08 3.94593564e+08
 4.72153233e+08 5.38951577e+08 5.92875015e+08 6.33644486e+08
 6.61876213e+08 6.78394498e+08 6.83824685e+08 6.78394498e+08
 6.61876213e+08 6.33644486e+08 5.92875015e+08 5.38951577e+08
 4.72153233e+08 3.94593564e+08 3.11106534e+08 2.29391093e+08
 1.58668788e+08 1.06928636e+08 7.81911088e+07 7.15716980e+07
 8.25342319e+07 1.05128488e+08 1.33816789e+08 1.64346316e+08
 1.93859242e+08 2.20633808e+08 2.43740951e+08 2.62747974e+08
 2.77503375e+08 2.87994945e+08 2.94262216e+08 2.96345911e+08
 2.94262216e+08 2.87994945e+08 2.77503375e+08 2.62747974e+08
 2.43740951e+08 2.20633808e+08 1.93859242e+08 1.64346316e+08
 1.33816789e+08 1.05128488e+08 8.25342319e+07 7.15716980e+07
 7.81911088e+07 1.06928636e+08 1.58668788e+08 2.29391093e+08
 3.11106534e+08 3.94593564e+08 4.72153233e+08 5.38951577e+08
 5.92875015e+08 6.33644486e+08 6.61876213e+08 6.78394498e+08
 6.83824685e+08]","[0.02899069 0.03419155 0.04991771 0.07653181 0.11460651 0.16485926
 0.2280217  0.30459619 0.39443275 0.4960539  0.60570277 0.71626371
 0.81657249 0.89209437 0.9279677  0.91417774 0.85034431 0.7466587
 0.61999467 0.48796321 0.36453111 0.25860271 0.17475089 0.11472197
 0.07882548 0.06689666 0.07882548 0.11472197 0.17475089 0.25860271
 0.36453111 0.48796321 0.61999467 0.7466587  0.85034431 0.91417774
 0.9279677  0.89209437 0.81657249 0.71626371 0.60570277 0.4960539
 0.39443275 0.30459619 0.2280217  0.16485926 0.11460651 0.07653181
 0.04991771 0.03419155 0.02899069 0.03419155 0.04991771 0.07653181
 0.11460651 0.16485926 0.2280217  0.30459619 0.39443275 0.4960539
 0.60570277 0.71626371 0.81657249 0.89209437 0.9279677  0.91417774
 0.85034431 0.7466587  0.61999467 0.48796321 0.36453111 0.25860271
 0.17475089 0.11472197 0.07882548 0.06689666 0.07882548 0.11472197
 0.17475089 0.25860271 0.36453111 0.48796321 0.61999467 0.7466587
 0.85034431 0.91417774 0.9279677  0.89209437 0.81657249 0.71626371
 0.60570277 0.4960539  0.39443275 0.30459619 0.2280217  0.16485926
 0.11460651 0.07653181 0.04991771 0.03419155 0.02899069]"
28145,C2v,50,50,0000000000111100000000000000000000001111000000000000000100111111100110000000000001100111111100100000000011111111111111110000000000111111111111111100000000111111111111111100000000001111111111111111000000001111111111111111111111111111111111111111110000000011111111111111111111111111111111111111111100000000111111111111111111111111111111111111111111000000001111111111111111111111111111111111111111110000000011111111111111111111111111111111111111111100000000111111111111111111111111111111111111111111000000001111111111111111111111111111111111111111110000000011111111111111111110000111111111111111111100000000111111111111111111100001111111111111111111000000001111111111111111111111111111111111111111110000111111111111111111111111111111111111111111111111111111111111111111111111111111111111111111111111111111111111111111111111111111111111111111111111111111111111111111111111111111111111111111111111111111111111111111111111111111111111111111111111111111111111111111111111111111111111111111111111111111111111111111111111111111111111111111111111111111111111111111111111111111111111111111111111111111111111111111111111111111111111111111111111111111111111111111111111111111111111111111111111111111111111111111111111111111111111111111111111111111111111111111111111111111111111111111111111111111111111111111111111111111111111111111111111111111111111111111111111111111111111111111111111111111111111111111111111111111111111111111111111111111111111111111111111111111111111111111111111111111111111111111111111111111111111111111111111111111111111111111111111111111111111111111111111111111111111111111111111111111111111111111111111111111111111111111111111111111111111111111111111111111111111111111111111111111111111111111111111111111111111111111111111111111111111111111111111111111111111111111111111111111111111111111110000111111111111111111111111111111111111111111000000001111111111111111111000011111111111111111110000000011111111111111111110000111111111111111111100000000111111111111111111111111111111111111111111000000001111111111111111111111111111111111111111110000000011111111111111111111111111111111111111111100000000111111111111111111111111111111111111111111000000001111111111111111111111111111111111111111110000000011111111111111111111111111111111111111111100000000111111111111111111111111111111111111111111000000001111111111111111000000000011111111111111110000000011111111111111110000000000111111111111111100000000010011111110011000000000000110011111110010000000000000001111000000000000000000000011110000000000,Plane Strain,1147656102.0,199571902.2,972993379.2,0,0,269277239.0,1e-09,,2240000000,0.49253731,"[1.10672166e+09 1.10237809e+09 1.08948795e+09 1.06848569e+09
 1.04013469e+09 1.00557420e+09 9.66360076e+08 9.24473642e+08
 8.82269611e+08 8.42338610e+08 8.07278271e+08 7.79397285e+08
 7.60410063e+08 7.51198605e+08 7.51708134e+08 7.61003825e+08
 7.77465076e+08 7.99055942e+08 8.23600739e+08 8.49010427e+08
 8.73434078e+08 8.95336013e+08 9.13515219e+08 9.27088995e+08
 9.35460984e+08 9.38288781e+08 9.35460984e+08 9.27088995e+08
 9.13515219e+08 8.95336013e+08 8.73434078e+08 8.49010427e+08
 8.23600739e+08 7.99055942e+08 7.77465076e+08 7.61003825e+08
 7.51708134e+08 7.51198605e+08 7.60410063e+08 7.79397285e+08
 8.07278271e+08 8.42338610e+08 8.82269611e+08 9.24473642e+08
 9.66360076e+08 1.00557420e+09 1.04013469e+09 1.06848569e+09
 1.08948795e+09 1.10237809e+09 1.10672166e+09 1.10237809e+09
 1.08948795e+09 1.06848569e+09 1.04013469e+09 1.00557420e+09
 9.66360076e+08 9.24473642e+08 8.82269611e+08 8.42338610e+08
 8.07278271e+08 7.79397285e+08 7.60410063e+08 7.51198605e+08
 7.51708134e+08 7.61003825e+08 7.77465076e+08 7.99055942e+08
 8.23600739e+08 8.49010427e+08 8.73434078e+08 8.95336013e+08
 9.13515219e+08 9.27088995e+08 9.35460984e+08 9.38288781e+08
 9.35460984e+08 9.27088995e+08 9.13515219e+08 8.95336013e+08
 8.73434078e+08 8.49010427e+08 8.23600739e+08 7.99055942e+08
 7.77465076e+08 7.61003825e+08 7.51708134e+08 7.51198605e+08
 7.60410063e+08 7.79397285e+08 8.07278271e+08 8.42338610e+08
 8.82269611e+08 9.24473642e+08 9.66360076e+08 1.00557420e+09
 1.04013469e+09 1.06848569e+09 1.08948795e+09 1.10237809e+09
 1.10672166e+09]","[0.17389521 0.1765956  0.18462094 0.19773597 0.21552382 0.23735312
 0.26234156 0.28932752 0.31686617 0.34326911 0.36670447 0.3853634
 0.39767846 0.40255493 0.39955825 0.38900271 0.3719123  0.34986461
 0.32476375 0.29860223 0.27326181 0.25037952 0.23128028 0.21696115
 0.20810608 0.20511126 0.20810608 0.21696115 0.23128028 0.25037952
 0.27326181 0.29860223 0.32476375 0.34986461 0.3719123  0.38900271
 0.39955825 0.40255493 0.39767846 0.3853634  0.36670447 0.34326911
 0.31686617 0.28932752 0.26234156 0.23735312 0.21552382 0.19773597
 0.18462094 0.1765956  0.17389521 0.1765956  0.18462094 0.19773597
 0.21552382 0.23735312 0.26234156 0.28932752 0.31686617 0.34326911
 0.36670447 0.3853634  0.39767846 0.40255493 0.39955825 0.38900271
 0.3719123  0.34986461 0.32476375 0.29860223 0.27326181 0.25037952
 0.23128028 0.21696115 0.20810608 0.20511126 0.20810608 0.21696115
 0.23128028 0.25037952 0.27326181 0.29860223 0.32476375 0.34986461
 0.3719123  0.38900271 0.39955825 0.40255493 0.39767846 0.3853634
 0.36670447 0.34326911 0.31686617 0.28932752 0.26234156 0.23735312
 0.21552382 0.19773597 0.18462094 0.1765956  0.17389521]"
27058,C2v,50,50,1111111111000000000000000000000000000000111111111111111111110000000000000000000000000000001111111111111111111100000000000000000000000000000011111111111111111111000000000000000000000000000000111111111111111111110000000000000000000000000000001111111111111111111100000000000000000000000000000011111111111111111111000000000000000000000000000000111111111111111111110000000000000000000000000000001111111111111111111100000000000000000000000000000011111111111111111111000000000000000000000000000000111111111111111111110000000000000000000000000000001111111111111111111110000000000000000000000000000111111111111111111111100000000000000000000000000001111111111111111111111100000000000000000000000000111111111111111111111111111111111111111111111111111111111111111111111111111111111111111111111111111111111111111100111111111111111111111111111111111111111111111100000111111111111111111111111111111111111111111110000001111111111111111111111111111111111111111111100000011111111111111111111111111111111111111111111000000011111111111111111111111111111111111111111100000000111111111111111111111111111111111111111111000000001111111111111111111111111111111111111111110000000011111111111111111111111111111111111111111100000000111111111111111111111111111111111111111111000000001111111111111111111111111111111111111111110000000011111111111111111111111111111111111111111100000000111111111111111111111111111111111111111111000000001111111111111111111111111111111111111111110000000011111111111111111111111111111111111111111100000001111111111111111111111111111111111111111111100000011111111111111111111111111111111111111111111000000111111111111111111111111111111111111111111110000011111111111111111111111111111111111111111111110011111111111111111111111111111111111111111111111111111111111111111111111111111111111111111111111111111111111111110000000000000000000000000011111111111111111111111000000000000000000000000000011111111111111111111110000000000000000000000000000111111111111111111111000000000000000000000000000000111111111111111111110000000000000000000000000000001111111111111111111100000000000000000000000000000011111111111111111111000000000000000000000000000000111111111111111111110000000000000000000000000000001111111111111111111100000000000000000000000000000011111111111111111111000000000000000000000000000000111111111111111111110000000000000000000000000000001111111111111111111100000000000000000000000000000011111111111111111111000000000000000000000000000000111111111111111111110000000000000000000000000000001111111111,Plane Strain,595738077.6,235145267.1,774648405.4,0,0,117747154.2,1e-09,,2240000000,0.49253731,"[5.24359506e+08 5.22128883e+08 5.15518954e+08 5.04782327e+08
 4.90361584e+08 4.72917635e+08 4.53360418e+08 4.32871036e+08
 4.12899849e+08 3.95121962e+08 3.81333073e+08 3.73278462e+08
 3.72427619e+08 3.79732736e+08 3.95430160e+08 4.18945664e+08
 4.48939612e+08 4.83484256e+08 5.20323366e+08 5.57144769e+08
 5.91805529e+08 6.22477597e+08 6.47712319e+08 6.66443030e+08
 6.77952936e+08 6.81833629e+08 6.77952936e+08 6.66443030e+08
 6.47712319e+08 6.22477597e+08 5.91805529e+08 5.57144769e+08
 5.20323366e+08 4.83484256e+08 4.48939612e+08 4.18945664e+08
 3.95430160e+08 3.79732736e+08 3.72427619e+08 3.73278462e+08
 3.81333073e+08 3.95121962e+08 4.12899849e+08 4.32871036e+08
 4.53360418e+08 4.72917635e+08 4.90361584e+08 5.04782327e+08
 5.15518954e+08 5.22128883e+08 5.24359506e+08 5.22128883e+08
 5.15518954e+08 5.04782327e+08 4.90361584e+08 4.72917635e+08
 4.53360418e+08 4.32871036e+08 4.12899849e+08 3.95121962e+08
 3.81333073e+08 3.73278462e+08 3.72427619e+08 3.79732736e+08
 3.95430160e+08 4.18945664e+08 4.48939612e+08 4.83484256e+08
 5.20323366e+08 5.57144769e+08 5.91805529e+08 6.22477597e+08
 6.47712319e+08 6.66443030e+08 6.77952936e+08 6.81833629e+08
 6.77952936e+08 6.66443030e+08 6.47712319e+08 6.22477597e+08
 5.91805529e+08 5.57144769e+08 5.20323366e+08 4.83484256e+08
 4.48939612e+08 4.18945664e+08 3.95430160e+08 3.79732736e+08
 3.72427619e+08 3.73278462e+08 3.81333073e+08 3.95121962e+08
 4.12899849e+08 4.32871036e+08 4.53360418e+08 4.72917635e+08
 4.90361584e+08 5.04782327e+08 5.15518954e+08 5.22128883e+08
 5.24359506e+08]","[0.3947125  0.39819606 0.40847163 0.42500512 0.44688141 0.4727818
 0.50098172 0.52939496 0.55568933 0.5774858  0.59262773 0.5994741
 0.59714642 0.5856588  0.56589201 0.5394221  0.50825839 0.47456362
 0.44041794 0.40765936 0.3778046  0.35203432 0.33121969 0.3159683
 0.30667271 0.30355096 0.30667271 0.3159683  0.33121969 0.35203432
 0.3778046  0.40765936 0.44041794 0.47456362 0.50825839 0.5394221
 0.56589201 0.5856588  0.59714642 0.5994741  0.59262773 0.5774858
 0.55568933 0.52939496 0.50098172 0.4727818  0.44688141 0.42500512
 0.40847163 0.39819606 0.3947125  0.39819606 0.40847163 0.42500512
 0.44688141 0.4727818  0.50098172 0.52939496 0.55568933 0.5774858
 0.59262773 0.5994741  0.59714642 0.5856588  0.56589201 0.5394221
 0.50825839 0.47456362 0.44041794 0.40765936 0.3778046  0.35203432
 0.33121969 0.3159683  0.30667271 0.30355096 0.30667271 0.3159683
 0.33121969 0.35203432 0.3778046  0.40765936 0.44041794 0.47456362
 0.50825839 0.5394221  0.56589201 0.5856588  0.59714642 0.5994741
 0.59262773 0.5774858  0.55568933 0.52939496 0.50098172 0.4727818
 0.44688141 0.42500512 0.40847163 0.39819606 0.3947125 ]"
20571,C2v,50,50,1111110000000000000000000000000000000000000011111111111100000000000000000000000000000000000000111111111111000000000000000000000000000000000000001111111111110000000000000000000000000000000000000011111111111100000000000000000000000000000000000000111111111111000000000000000000000000000000000000001111111111110000000000000000000000000000000000000011111111111100000000000000000000000000000000000000111111111111100000000000000000000000000000000000011111111111111111111100000000000000000000001111111111111111111111111111111000000000000000011111111111111111111111111111111100000000000000000011111111111111111111111111111111000000000000000000111111111111111111111111111111110000000000000000001111111111111111111111111111111111100000000000011111111111111111110000000011111111111111111111111111111111110000000000000000000001111111111111111111111110000000000000000000000000001111111111111111111111000000000000000000000000000011111111111111111111110000000000000000000000000001111111111111111111111110000000000000111111111111111111111111111111111111111111111111111111111111111111111111111111111111111111111111111111111111111111111111111111111111111111111111111111111111111111111111111111111111111111111111111111111111111111111111111111111111111111111111111111111111111111111111111111111111111111111111111111111111111111111111111111111111111111111111111111111111111111111111111111111111111111111111111111111111111111111111111111111111111111111111111111111111111111111111111111111111111111111111111111111111111111110000000000000111111111111111111111111000000000000000000000000000111111111111111111111100000000000000000000000000001111111111111111111111000000000000000000000000000111111111111111111111111000000000000000000000111111111111111111111111111111111100000000111111111111111111100000000000011111111111111111111111111111111111000000000000000000111111111111111111111111111111110000000000000000001111111111111111111111111111111100000000000000000011111111111111111111111111111111100000000000000001111111111111111111111111111111000000000000000000000011111111111111111111100000000000000000000000000000000000011111111111110000000000000000000000000000000000000011111111111100000000000000000000000000000000000000111111111111000000000000000000000000000000000000001111111111110000000000000000000000000000000000000011111111111100000000000000000000000000000000000000111111111111000000000000000000000000000000000000001111111111110000000000000000000000000000000000000011111111111100000000000000000000000000000000000000111111,Plane Strain,795441180.8,136347512.0,137744685.2,0,0,87750893.52,1e-09,,2240000000,0.49253731,"[6.60476670e+08 6.55611806e+08 6.41317583e+08 6.18468060e+08
 5.88426552e+08 5.52902133e+08 5.13761667e+08 4.72831896e+08
 4.31733030e+08 3.91773180e+08 3.53910694e+08 3.18772046e+08
 2.86703809e+08 2.57837970e+08 2.32155790e+08 2.09542198e+08
 1.89828015e+08 1.72820486e+08 1.58324065e+08 1.46153763e+08
 1.36143213e+08 1.28149158e+08 1.22053670e+08 1.17765032e+08
 1.15217904e+08 1.14373197e+08 1.15217904e+08 1.17765032e+08
 1.22053670e+08 1.28149158e+08 1.36143213e+08 1.46153763e+08
 1.58324065e+08 1.72820486e+08 1.89828015e+08 2.09542198e+08
 2.32155790e+08 2.57837970e+08 2.86703809e+08 3.18772046e+08
 3.53910694e+08 3.91773180e+08 4.31733030e+08 4.72831896e+08
 5.13761667e+08 5.52902133e+08 5.88426552e+08 6.18468060e+08
 6.41317583e+08 6.55611806e+08 6.60476670e+08 6.55611806e+08
 6.41317583e+08 6.18468060e+08 5.88426552e+08 5.52902133e+08
 5.13761667e+08 4.72831896e+08 4.31733030e+08 3.91773180e+08
 3.53910694e+08 3.18772046e+08 2.86703809e+08 2.57837970e+08
 2.32155790e+08 2.09542198e+08 1.89828015e+08 1.72820486e+08
 1.58324065e+08 1.46153763e+08 1.36143213e+08 1.28149158e+08
 1.22053670e+08 1.17765032e+08 1.15217904e+08 1.14373197e+08
 1.15217904e+08 1.17765032e+08 1.22053670e+08 1.28149158e+08
 1.36143213e+08 1.46153763e+08 1.58324065e+08 1.72820486e+08
 1.89828015e+08 2.09542198e+08 2.32155790e+08 2.57837970e+08
 2.86703809e+08 3.18772046e+08 3.53910694e+08 3.91773180e+08
 4.31733030e+08 4.72831896e+08 5.13761667e+08 5.52902133e+08
 5.88426552e+08 6.18468060e+08 6.41317583e+08 6.55611806e+08
 6.60476670e+08]","[0.17141118 0.17377111 0.18086409 0.19272831 0.20942294 0.23102077
 0.25759677 0.28921152 0.32588784 0.36757925 0.41412866 0.46521672
 0.52030091 0.57855037 0.63878693 0.6994513  0.75862191 0.8141196
 0.86372487 0.90550763 0.93821698 0.96161395 0.97658926 0.98493855
 0.98879072 0.98985679 0.98879072 0.98493855 0.97658926 0.96161395
 0.93821698 0.90550763 0.86372487 0.8141196  0.75862191 0.6994513
 0.63878693 0.57855037 0.52030091 0.46521672 0.41412866 0.36757925
 0.32588784 0.28921152 0.25759677 0.23102077 0.20942294 0.19272831
 0.18086409 0.17377111 0.17141118 0.17377111 0.18086409 0.19272831
 0.20942294 0.23102077 0.25759677 0.28921152 0.32588784 0.36757925
 0.41412866 0.46521672 0.52030091 0.57855037 0.63878693 0.6994513
 0.75862191 0.8141196  0.86372487 0.90550763 0.93821698 0.96161395
 0.97658926 0.98493855 0.98879072 0.98985679 0.98879072 0.98493855
 0.97658926 0.96161395 0.93821698 0.90550763 0.86372487 0.8141196
 0.75862191 0.6994513  0.63878693 0.57855037 0.52030091 0.46521672
 0.41412866 0.36757925 0.32588784 0.28921152 0.25759677 0.23102077
 0.20942294 0.19272831 0.18086409 0.17377111 0.17141118]"
48269,C2v,50,50,0000000000110000000000000000000000000011000000000000000000001100000000000000000000000000110000000000000000000011000000000000000000000000001100000000000000000000111100000000000000000000001111000000000000000000001111000000000000000000000011110000000000000000000011110000000000000000000000111100000000000000000000111100000000000000000000001111000000000000000000001111000000000000000000000011110000000000000000000011111111111111111111111111111100000000000000000000111111111111111111111111111111000000000000000000001111111111111111111111111111110000000000000000000011111111111111111111111111111100000000000000000000111111111111111111111111111111000000000000000000001111111111111111111111111111110000000000000000000011111111111111111111111111111100000000000000000011111111111111111111111111111111110000000000000000111111111111111111111111111111111100000000000000001111111111111111111111111111111111000000000000000011111111111111111111111111111111110000000000000111111111111111111111111111111111111111100000000011111111111111111111111111111111111111111100000011111111111111111111111111111111111111111111110000111111111111111111111111111111111111111111111100111111111111111111111111111111111111111111111111111111111111111111111111111111111111111111111111111111111111111111111111111111111111111111111111111111111111111111111111111111111111111111111111111111110011111111111111111111111111111111111111111111110000111111111111111111111111111111111111111111111100000011111111111111111111111111111111111111111100000000011111111111111111111111111111111111111110000000000000111111111111111111111111111111111100000000000000001111111111111111111111111111111111000000000000000011111111111111111111111111111111110000000000000000111111111111111111111111111111111100000000000000000011111111111111111111111111111100000000000000000000111111111111111111111111111111000000000000000000001111111111111111111111111111110000000000000000000011111111111111111111111111111100000000000000000000111111111111111111111111111111000000000000000000001111111111111111111111111111110000000000000000000011111111111111111111111111111100000000000000000000111100000000000000000000001111000000000000000000001111000000000000000000000011110000000000000000000011110000000000000000000000111100000000000000000000111100000000000000000000001111000000000000000000001111000000000000000000000011110000000000000000000011000000000000000000000000001100000000000000000000110000000000000000000000000011000000000000000000001100000000000000000000000000110000000000,Plane Strain,431095035.1,14658780.59,298398098.3,0,0,17715534.37,1e-09,,2240000000,0.49253731,"[4.30374924e+08 4.27110623e+08 4.17234532e+08 4.00520618e+08
 3.76678999e+08 3.45514320e+08 3.07195356e+08 2.62651359e+08
 2.14040308e+08 1.65088669e+08 1.20939441e+08 8.71772668e+07
 6.81605801e+07 6.54842877e+07 7.75592579e+07 1.00526570e+08
 1.29782815e+08 1.61222886e+08 1.91816765e+08 2.19638879e+08
 2.43631234e+08 2.63313705e+08 2.78541460e+08 2.89333645e+08
 2.95764444e+08 2.97899647e+08 2.95764444e+08 2.89333645e+08
 2.78541460e+08 2.63313705e+08 2.43631234e+08 2.19638879e+08
 1.91816765e+08 1.61222886e+08 1.29782815e+08 1.00526570e+08
 7.75592579e+07 6.54842877e+07 6.81605801e+07 8.71772668e+07
 1.20939441e+08 1.65088669e+08 2.14040308e+08 2.62651359e+08
 3.07195356e+08 3.45514320e+08 3.76678999e+08 4.00520618e+08
 4.17234532e+08 4.27110623e+08 4.30374924e+08 4.27110623e+08
 4.17234532e+08 4.00520618e+08 3.76678999e+08 3.45514320e+08
 3.07195356e+08 2.62651359e+08 2.14040308e+08 1.65088669e+08
 1.20939441e+08 8.71772668e+07 6.81605801e+07 6.54842877e+07
 7.75592579e+07 1.00526570e+08 1.29782815e+08 1.61222886e+08
 1.91816765e+08 2.19638879e+08 2.43631234e+08 2.63313705e+08
 2.78541460e+08 2.89333645e+08 2.95764444e+08 2.97899647e+08
 2.95764444e+08 2.89333645e+08 2.78541460e+08 2.63313705e+08
 2.43631234e+08 2.19638879e+08 1.91816765e+08 1.61222886e+08
 1.29782815e+08 1.00526570e+08 7.75592579e+07 6.54842877e+07
 6.81605801e+07 8.71772668e+07 1.20939441e+08 1.65088669e+08
 2.14040308e+08 2.62651359e+08 3.07195356e+08 3.45514320e+08
 3.76678999e+08 4.00520618e+08 4.17234532e+08 4.27110623e+08
 4.30374924e+08]","[0.03400359 0.04001435 0.05816875 0.08881234 0.13244301 0.18956457
 0.26042073 0.34455147 0.44012111 0.5430392  0.64608829 0.73860566
 0.807555   0.84055915 0.83019906 0.77728263 0.69076649 0.58430698
 0.47178833 0.36423442 0.26883775 0.18946413 0.12770513 0.08388244
 0.05778434 0.04912491 0.05778434 0.08388244 0.12770513 0.18946413
 0.26883775 0.36423442 0.47178833 0.58430698 0.69076649 0.77728263
 0.83019906 0.84055915 0.807555   0.73860566 0.64608829 0.5430392
 0.44012111 0.34455147 0.26042073 0.18956457 0.13244301 0.08881234
 0.05816875 0.04001435 0.03400359 0.04001435 0.05816875 0.08881234
 0.13244301 0.18956457 0.26042073 0.34455147 0.44012111 0.5430392
 0.64608829 0.73860566 0.807555   0.84055915 0.83019906 0.77728263
 0.69076649 0.58430698 0.47178833 0.36423442 0.26883775 0.18946413
 0.12770513 0.08388244 0.05778434 0.04912491 0.05778434 0.08388244
 0.12770513 0.18946413 0.26883775 0.36423442 0.47178833 0.58430698
 0.69076649 0.77728263 0.83019906 0.84055915 0.807555   0.73860566
 0.64608829 0.5430392  0.44012111 0.34455147 0.26042073 0.18956457
 0.13244301 0.08881234 0.05816875 0.04001435 0.03400359]"
3307,C2v,50,50,0000000000111110000000000000000000011111000000000000000000001111100000000000000000000111110000000000000000100011111000000000000000000001111100010000000000001111111111111100000000001111111111111100000000001111111111111111110000001111111111111111110000000111111111111111111110000111111111111111111110000001111111111111111111111111111111111111111111100000111111111111111111111111111111111111111111111100001111111111111111111111111111111111111111111111000111111111111111111111111111111111111111111111111001111111111111111111111111111111111111111111111110011111111111111111111111111111111111111111111111100111111111111111111111111111111111111111111111111001111111111111111111111111111111111111111111111110111111111111111111111111111111111111111111111111111111111111111111111111111111111111111111111111111111111111111111111111111111111111111111111111111111111111111111111111111111111111111111111111111111111111111111111111111111111111111111111111111111111111111111111111111111111111111111111111111111111111111111111111111111111111111111111111111111111111111111111111111111111111111111111111111111111111111111111111111111111111111111111111111111111111111111111111111111111111111111111111111111111111111111111111111111111111111111111111111111111111111111111111111111111111111111111111111111111111111111111111111111111111111111111111111111111111111111111111111111111111111111111111111111111111111111111111111111111111111111111111111111111111111111111111111111111111111111111111111111111111111111111111111111111111111111111111111111111111111111111111111111111111111111111111111111111111111111111111111111111111111111111111111111111111111111111111111111111111111111111111111111111111111111111111111111111111111111111111111111111111111111111111111111111111111111111111111111111111111111111111111111111111111111110111111111111111111111111111111111111111111111111001111111111111111111111111111111111111111111111110011111111111111111111111111111111111111111111111100111111111111111111111111111111111111111111111111001111111111111111111111111111111111111111111111110001111111111111111111111111111111111111111111111000011111111111111111111111111111111111111111111110000011111111111111111111111111111111111111111111000000111111111111111111110000111111111111111111110000000111111111111111111000000111111111111111111000000000011111111111111000000000011111111111111000000000000100011111000000000000000000001111100010000000000000000111110000000000000000000011111000000000000000000001111100000000000000000000111110000000000,Plane Strain,1250085484.0,245054769.0,957996679.1,0,0,241945479.2,1e-09,,2240000000,0.49253731,"[1.18740067e+09 1.18166624e+09 1.16463174e+09 1.13682457e+09
 1.09918883e+09 1.05316507e+09 1.00076360e+09 9.44591332e+08
 8.87785389e+08 8.33815653e+08 7.86149464e+08 7.47822873e+08
 7.21014501e+08 7.06740261e+08 7.04758992e+08 7.13708635e+08
 7.31415908e+08 7.55278140e+08 7.82618476e+08 8.10951639e+08
 8.38141281e+08 8.62462515e+08 8.82598471e+08 8.97601050e+08
 9.06840229e+08 9.09958492e+08 9.06840229e+08 8.97601050e+08
 8.82598471e+08 8.62462515e+08 8.38141281e+08 8.10951639e+08
 7.82618476e+08 7.55278140e+08 7.31415908e+08 7.13708635e+08
 7.04758992e+08 7.06740261e+08 7.21014501e+08 7.47822873e+08
 7.86149464e+08 8.33815653e+08 8.87785389e+08 9.44591332e+08
 1.00076360e+09 1.05316507e+09 1.09918883e+09 1.13682457e+09
 1.16463174e+09 1.18166624e+09 1.18740067e+09 1.18166624e+09
 1.16463174e+09 1.13682457e+09 1.09918883e+09 1.05316507e+09
 1.00076360e+09 9.44591332e+08 8.87785389e+08 8.33815653e+08
 7.86149464e+08 7.47822873e+08 7.21014501e+08 7.06740261e+08
 7.04758992e+08 7.13708635e+08 7.31415908e+08 7.55278140e+08
 7.82618476e+08 8.10951639e+08 8.38141281e+08 8.62462515e+08
 8.82598471e+08 8.97601050e+08 9.06840229e+08 9.09958492e+08
 9.06840229e+08 8.97601050e+08 8.82598471e+08 8.62462515e+08
 8.38141281e+08 8.10951639e+08 7.82618476e+08 7.55278140e+08
 7.31415908e+08 7.13708635e+08 7.04758992e+08 7.06740261e+08
 7.21014501e+08 7.47822873e+08 7.86149464e+08 8.33815653e+08
 8.87785389e+08 9.44591332e+08 1.00076360e+09 1.05316507e+09
 1.09918883e+09 1.13682457e+09 1.16463174e+09 1.18166624e+09
 1.18740067e+09]","[0.19603041 0.19903955 0.20800257 0.2227168  0.24281334 0.2677135
 0.29657529 0.32824094 0.36120298 0.39361278 0.42335819 0.44822955
 0.46617184 0.47558725 0.47561835 0.46632869 0.44871938 0.42457303
 0.39617459 0.36599193 0.33639497 0.30946008 0.28686876 0.26988204
 0.25936025 0.25579918 0.25936025 0.26988204 0.28686876 0.30946008
 0.33639497 0.36599193 0.39617459 0.42457303 0.44871938 0.46632869
 0.47561835 0.47558725 0.46617184 0.44822955 0.42335819 0.39361278
 0.36120298 0.32824094 0.29657529 0.2677135  0.24281334 0.2227168
 0.20800257 0.19903955 0.19603041 0.19903955 0.20800257 0.2227168
 0.24281334 0.2677135  0.29657529 0.32824094 0.36120298 0.39361278
 0.42335819 0.44822955 0.46617184 0.47558725 0.47561835 0.46632869
 0.44871938 0.42457303 0.39617459 0.36599193 0.33639497 0.30946008
 0.28686876 0.26988204 0.25936025 0.25579918 0.25936025 0.26988204
 0.28686876 0.30946008 0.33639497 0.36599193 0.39617459 0.42457303
 0.44871938 0.46632869 0.47561835 0.47558725 0.46617184 0.44822955
 0.42335819 0.39361278 0.36120298 0.32824094 0.29657529 0.2677135
 0.24281334 0.2227168  0.20800257 0.19903955 0.19603041]"
68062,C2v,50,50,0000000000000000011111111111111110000000000000000000000000000000000111111111111111100000000000000000000000000000000001111111111111111000000000000000000000000000000000011111111111111110000000000000000001000000000010001111111111111111110001000000000010110000000000111111111111111111111111110000000000111100000000011111111111111111111111111110000000001111100000000111111111111111111111111111100000000111111111111111111111111111111111111111111111111111110111111111111111111111111111111111111111111111111000111111111111111111111111111111111111111111111100001111111111111111111111111111111111111111111111000011111111111111111111111111111111111111111111110000011111111111111111111111111111111111111111111000000111111111111111111111111111111111111111111110000001000000011111111111111111111111111110000000100000000000000011111111111111111111111111000000000000000000000000111111111111111111111111110000000000000000000000001111111111111111111111111100000000000000000000000011111111111111111111111111000000000000000000000000111111111111111111111111110000000000000000000000001111111111111111111111111100000000000000000000000011111111111111111111111111000000000000000000000000111111111111111111111111110000000000000000000000001111111111111111111111111100000000000000000000000011111111111111111111111111000000000000000000000000111111111111111111111111110000000000000000000000001111111111111111111111111100000000000000000000000011111111111111111111111111000000000000000000000000111111111111111111111111110000000000000000000000001111111111111111111111111100000000000000000000000011111111111111111111111111000000000000000000000000111111111111111111111111110000000000000000000000001111111111111111111111111100000000000000010000000111111111111111111111111111100000001000000111111111111111111111111111111111111111111110000001111111111111111111111111111111111111111111100000111111111111111111111111111111111111111111111100001111111111111111111111111111111111111111111111000011111111111111111111111111111111111111111111110001111111111111111111111111111111111111111111111110111111111111111111111111111111111111111111111111111110000000011111111111111111111111111110000000011111000000000111111111111111111111111111100000000011110000000000111111111111111111111111110000000000110100000000001000111111111111111111000100000000001000000000000000000111111111111111100000000000000000000000000000000001111111111111111000000000000000000000000000000000011111111111111110000000000000000000000000000000000111111111111111100000000000000000,Plane Strain,271308936.3,42414987.54,844695332.6,0,0,40646613.55,1e-09,,2240000000,0.49253731,"[2.69179137e+08 2.67655624e+08 2.63093341e+08 2.55523698e+08
 2.45022418e+08 2.31748983e+08 2.16010708e+08 1.98359753e+08
 1.79731130e+08 1.61622881e+08 1.46298511e+08 1.36945515e+08
 1.37648273e+08 1.52957615e+08 1.86863258e+08 2.41251911e+08
 3.14469946e+08 4.00980036e+08 4.92663891e+08 5.81172393e+08
 6.59981735e+08 7.25236876e+08 7.75437607e+08 8.10573234e+08
 8.31250332e+08 8.38064400e+08 8.31250332e+08 8.10573234e+08
 7.75437607e+08 7.25236876e+08 6.59981735e+08 5.81172393e+08
 4.92663891e+08 4.00980036e+08 3.14469946e+08 2.41251911e+08
 1.86863258e+08 1.52957615e+08 1.37648273e+08 1.36945515e+08
 1.46298511e+08 1.61622881e+08 1.79731130e+08 1.98359753e+08
 2.16010708e+08 2.31748983e+08 2.45022418e+08 2.55523698e+08
 2.63093341e+08 2.67655624e+08 2.69179137e+08 2.67655624e+08
 2.63093341e+08 2.55523698e+08 2.45022418e+08 2.31748983e+08
 2.16010708e+08 1.98359753e+08 1.79731130e+08 1.61622881e+08
 1.46298511e+08 1.36945515e+08 1.37648273e+08 1.52957615e+08
 1.86863258e+08 2.41251911e+08 3.14469946e+08 4.00980036e+08
 4.92663891e+08 5.81172393e+08 6.59981735e+08 7.25236876e+08
 7.75437607e+08 8.10573234e+08 8.31250332e+08 8.38064400e+08
 8.31250332e+08 8.10573234e+08 7.75437607e+08 7.25236876e+08
 6.59981735e+08 5.81172393e+08 4.92663891e+08 4.00980036e+08
 3.14469946e+08 2.41251911e+08 1.86863258e+08 1.52957615e+08
 1.37648273e+08 1.36945515e+08 1.46298511e+08 1.61622881e+08
 1.79731130e+08 1.98359753e+08 2.16010708e+08 2.31748983e+08
 2.45022418e+08 2.55523698e+08 2.63093341e+08 2.67655624e+08
 2.69179137e+08]","[0.15633465 0.1696264  0.20924581 0.27418996 0.36201745 0.46780354
 0.58308499 0.6955179  0.7901871  0.85296535 0.87482853 0.85472486
 0.79919081 0.71920077 0.62639782 0.53050818 0.43838439 0.35418527
 0.28003424 0.21672158 0.16426666 0.12230817 0.09035161 0.06791635
 0.05461827 0.05021336 0.05461827 0.06791635 0.09035161 0.12230817
 0.16426666 0.21672158 0.28003424 0.35418527 0.43838439 0.53050818
 0.62639782 0.71920077 0.79919081 0.85472486 0.87482853 0.85296535
 0.7901871  0.6955179  0.58308499 0.46780354 0.36201745 0.27418996
 0.20924581 0.1696264  0.15633465 0.1696264  0.20924581 0.27418996
 0.36201745 0.46780354 0.58308499 0.6955179  0.7901871  0.85296535
 0.87482853 0.85472486 0.79919081 0.71920077 0.62639782 0.53050818
 0.43838439 0.35418527 0.28003424 0.21672158 0.16426666 0.12230817
 0.09035161 0.06791635 0.05461827 0.05021336 0.05461827 0.06791635
 0.09035161 0.12230817 0.16426666 0.21672158 0.28003424 0.35418527
 0.43838439 0.53050818 0.62639782 0.71920077 0.79919081 0.85472486
 0.87482853 0.85296535 0.7901871  0.6955179  0.58308499 0.46780354
 0.36201745 0.27418996 0.20924581 0.1696264  0.15633465]"
19639,C2v,50,50,0000001111111111111111111111111111111111111100000000000011111111111111111111111111111111111111000000000000111111111111111111111111111111111111110000000000011111111111111111111111111111111111111110000000001111111111111111111111111111111111111111110000000011111111111111111111111111111111111111111100000001111111111111111111111111111111111111111111100000111111111111111111111111111111111111111111111100000111111111111111111111111111111111111111111110000001111111111111111111111111111111111111111111100000011111111111111111111111111111111111111111111000000111111111111111111111111111111111111111111110000001111111111111111111111111111111111111111111100000011111111111111111111111111111111111111111111000000111111111111111111111111111111111111111111110000011111111111111111111111111111111111111111111110011111111111111111111111111111111111111111111111111111111111111111111111111111111111111111111111111111111111111111111111111111111111111111111111111111111111111111111111111111111111111111111111111111111111111111111111111111111111111111111111111111111111111111111111111111111111111111111111111111111111100001111111111111111111111111111111111111111110000000011111111111111111111111111111111111111111100000000000011111111111111111111111111111111110000000000000000111111111111111111111111111111111100000000000011111111111111111111111111111111111111111100000000111111111111111111111111111111111111111111000011111111111111111111111111111111111111111111111111111111111111111111111111111111111111111111111111111111111111111111111111111111111111111111111111111111111111111111111111111111111111111111111111111111111111111111111111111111111111111111111111111111111111111111111111111111111111111111111111111111111100111111111111111111111111111111111111111111111100000111111111111111111111111111111111111111111110000001111111111111111111111111111111111111111111100000011111111111111111111111111111111111111111111000000111111111111111111111111111111111111111111110000001111111111111111111111111111111111111111111100000011111111111111111111111111111111111111111111000000111111111111111111111111111111111111111111110000011111111111111111111111111111111111111111111110000011111111111111111111111111111111111111111111000000011111111111111111111111111111111111111111100000000111111111111111111111111111111111111111111000000000111111111111111111111111111111111111111100000000000111111111111111111111111111111111111110000000000001111111111111111111111111111111111111100000000000011111111111111111111111111111111111111000000,Plane Strain,938557646.1,246999636.6,1612174469.0,0,0,288194472.2,1e-09,,2240000000,0.49253731,"[9.00715079e+08 8.98574946e+08 8.92262529e+08 8.82110482e+08
 8.68701359e+08 8.52906302e+08 8.35930714e+08 8.19355303e+08
 8.05153842e+08 7.95661427e+08 7.93462373e+08 8.01171143e+08
 8.21100091e+08 8.54847241e+08 9.02887429e+08 9.64286825e+08
 1.03665372e+09 1.11637347e+09 1.19907577e+09 1.28020016e+09
 1.35550534e+09 1.42141399e+09 1.47516171e+09 1.51478557e+09
 1.53902030e+09 1.54717173e+09 1.53902030e+09 1.51478557e+09
 1.47516171e+09 1.42141399e+09 1.35550534e+09 1.28020016e+09
 1.19907577e+09 1.11637347e+09 1.03665372e+09 9.64286825e+08
 9.02887429e+08 8.54847241e+08 8.21100091e+08 8.01171143e+08
 7.93462373e+08 7.95661427e+08 8.05153842e+08 8.19355303e+08
 8.35930714e+08 8.52906302e+08 8.68701359e+08 8.82110482e+08
 8.92262529e+08 8.98574946e+08 9.00715079e+08 8.98574946e+08
 8.92262529e+08 8.82110482e+08 8.68701359e+08 8.52906302e+08
 8.35930714e+08 8.19355303e+08 8.05153842e+08 7.95661427e+08
 7.93462373e+08 8.01171143e+08 8.21100091e+08 8.54847241e+08
 9.02887429e+08 9.64286825e+08 1.03665372e+09 1.11637347e+09
 1.19907577e+09 1.28020016e+09 1.35550534e+09 1.42141399e+09
 1.47516171e+09 1.51478557e+09 1.53902030e+09 1.54717173e+09
 1.53902030e+09 1.51478557e+09 1.47516171e+09 1.42141399e+09
 1.35550534e+09 1.28020016e+09 1.19907577e+09 1.11637347e+09
 1.03665372e+09 9.64286825e+08 9.02887429e+08 8.54847241e+08
 8.21100091e+08 8.01171143e+08 7.93462373e+08 7.95661427e+08
 8.05153842e+08 8.19355303e+08 8.35930714e+08 8.52906302e+08
 8.68701359e+08 8.82110482e+08 8.92262529e+08 8.98574946e+08
 9.00715079e+08]","[0.26316938 0.26720625 0.27907053 0.29801339 0.3227618  0.35150845
 0.38194855 0.41140138 0.43704114 0.45622656 0.4668722  0.46776629
 0.45873893 0.44062911 0.4150693  0.38416529 0.35016696 0.31520397
 0.28111977 0.24940047 0.22117491 0.19725682 0.17820469 0.16438246
 0.15601148 0.153209   0.15601148 0.16438246 0.17820469 0.19725682
 0.22117491 0.24940047 0.28111977 0.31520397 0.35016696 0.38416529
 0.4150693  0.44062911 0.45873893 0.46776629 0.4668722  0.45622656
 0.43704114 0.41140138 0.38194855 0.35150845 0.3227618  0.29801339
 0.27907053 0.26720625 0.26316938 0.26720625 0.27907053 0.29801339
 0.3227618  0.35150845 0.38194855 0.41140138 0.43704114 0.45622656
 0.4668722  0.46776629 0.45873893 0.44062911 0.4150693  0.38416529
 0.35016696 0.31520397 0.28111977 0.24940047 0.22117491 0.19725682
 0.17820469 0.16438246 0.15601148 0.153209   0.15601148 0.16438246
 0.17820469 0.19725682 0.22117491 0.24940047 0.28111977 0.31520397
 0.35016696 0.38416529 0.4150693  0.44062911 0.45873893 0.46776629
 0.4668722  0.45622656 0.43704114 0.41140138 0.38194855 0.35150845
 0.3227618  0.29801339 0.27907053 0.26720625 0.26316938]"
63336,C2v,50,50,1111111111111111111111111111111111111111111111111111111111111111111111111111111111111111111111111111111111111111111111111111111111111111111111111111111111111111111111111111111111111111111111111111111111111111111111111111111111111111111111111111111111011111111111111111111111111111111111111111111111100111111111111111111111111111111111111111111111111000111111111111111111111111111111111111111111111100001111111111111111111111111111111111111111111111000011111110011111111111111111111111111110011111110000011111100111111111111111111111111111100111111000000000000000001111111111111111111111000000000000000000000000000011111111111111111111110000000000000000000000000000011111111111111111111000000000000000000000000000000111111111111111111110000000000000000000000000000001111111111111111111100000000000000000000000000000001111111111111111110000000000000000000000000000000001111111111111111000000000000000000000000000000000011111111111111110000000000000000000000000000000000111111111111111100000000000000000000000000000000001111111111111111000000000000000000000000000000000111111111111111111000000000000000000000000000000001111111111111111110000000000000000000000000000000111111111111111111110000000000000000000000000000001111111111111111111100000000000000000000000000000011111111111111111111000000000000000000000000000000111111111111111111110000000000000000000000000000000111111111111111111000000000000000000000000000000001111111111111111110000000000000000000000000000000001111111111111111000000000000000000000000000000000011111111111111110000000000000000000000000000000000111111111111111100000000000000000000000000000000001111111111111111000000000000000000000000000000000111111111111111111000000000000000000000000000000011111111111111111111000000000000000000000000000000111111111111111111110000000000000000000000000000001111111111111111111100000000000000000000000000000111111111111111111111100000000000000000000000000001111111111111111111111000000000000000001111110011111111111111111111111111110011111100000111111100111111111111111111111111111100111111100001111111111111111111111111111111111111111111111000011111111111111111111111111111111111111111111110001111111111111111111111111111111111111111111111110011111111111111111111111111111111111111111111111101111111111111111111111111111111111111111111111111111111111111111111111111111111111111111111111111111111111111111111111111111111111111111111111111111111111111111111111111111111111111111111111111111111111111111111111111111111111111111111111111111111111,Plane Strain,713861374.7,139409377.9,814814065.1,0,0,107982142.8,1e-09,,2240000000,0.49253731,"[6.90009338e+08 6.85972376e+08 6.73920403e+08 6.54051623e+08
 6.26768233e+08 5.92783941e+08 5.53268376e+08 5.10008836e+08
 4.65545825e+08 4.23207967e+08 3.86949898e+08 3.60914491e+08
 3.48728857e+08 3.52694018e+08 3.73159063e+08 4.08361161e+08
 4.54820603e+08 5.08119073e+08 5.63743025e+08 6.17720526e+08
 6.66941503e+08 7.09199792e+08 7.43064145e+08 7.67683353e+08
 7.82597021e+08 7.87588927e+08 7.82597021e+08 7.67683353e+08
 7.43064145e+08 7.09199792e+08 6.66941503e+08 6.17720526e+08
 5.63743025e+08 5.08119073e+08 4.54820603e+08 4.08361161e+08
 3.73159063e+08 3.52694018e+08 3.48728857e+08 3.60914491e+08
 3.86949898e+08 4.23207967e+08 4.65545825e+08 5.10008836e+08
 5.53268376e+08 5.92783941e+08 6.26768233e+08 6.54051623e+08
 6.73920403e+08 6.85972376e+08 6.90009338e+08 6.85972376e+08
 6.73920403e+08 6.54051623e+08 6.26768233e+08 5.92783941e+08
 5.53268376e+08 5.10008836e+08 4.65545825e+08 4.23207967e+08
 3.86949898e+08 3.60914491e+08 3.48728857e+08 3.52694018e+08
 3.73159063e+08 4.08361161e+08 4.54820603e+08 5.08119073e+08
 5.63743025e+08 6.17720526e+08 6.66941503e+08 7.09199792e+08
 7.43064145e+08 7.67683353e+08 7.82597021e+08 7.87588927e+08
 7.82597021e+08 7.67683353e+08 7.43064145e+08 7.09199792e+08
 6.66941503e+08 6.17720526e+08 5.63743025e+08 5.08119073e+08
 4.54820603e+08 4.08361161e+08 3.73159063e+08 3.52694018e+08
 3.48728857e+08 3.60914491e+08 3.86949898e+08 4.23207967e+08
 4.65545825e+08 5.10008836e+08 5.53268376e+08 5.92783941e+08
 6.26768233e+08 6.54051623e+08 6.73920403e+08 6.85972376e+08
 6.90009338e+08]","[0.19528915 0.20057944 0.2163571  0.24230969 0.27780812 0.32175028
 0.37236486 0.42702014 0.48211971 0.53319971 0.57533585 0.60388364
 0.6154078  0.60848908 0.58406824 0.54516974 0.49613928 0.44172485
 0.38631794 0.3335128  0.2859747  0.24551799 0.21328313 0.18993177
 0.17581456 0.17109348 0.17581456 0.18993177 0.21328313 0.24551799
 0.2859747  0.3335128  0.38631794 0.44172485 0.49613928 0.54516974
 0.58406824 0.60848908 0.6154078  0.60388364 0.57533585 0.53319971
 0.48211971 0.42702014 0.37236486 0.32175028 0.27780812 0.24230969
 0.2163571  0.20057944 0.19528915 0.20057944 0.2163571  0.24230969
 0.27780812 0.32175028 0.37236486 0.42702014 0.48211971 0.53319971
 0.57533585 0.60388364 0.6154078  0.60848908 0.58406824 0.54516974
 0.49613928 0.44172485 0.38631794 0.3335128  0.2859747  0.24551799
 0.21328313 0.18993177 0.17581456 0.17109348 0.17581456 0.18993177
 0.21328313 0.24551799 0.2859747  0.3335128  0.38631794 0.44172485
 0.49613928 0.54516974 0.58406824 0.60848908 0.6154078  0.60388364
 0.57533585 0.53319971 0.48211971 0.42702014 0.37236486 0.32175028
 0.27780812 0.24230969 0.2163571  0.20057944 0.19528915]"
36669,C2v,50,50,0000000000000000111111111111111111000000000000000000000000000000001111111111111111110000000000000000000000000000000011111111111111111100000000000000000000000000000000111111111111111111000000000000000000000000000000011111111111111111111000000000000000000000000000000111111111111111111110000000000000000000000000000001111111111111111111100000000000000000000000000000011111111111111111111000000000000000000000000000000111111111111111111110000000000000000000000000000001111111111111111111100000000000000000000000000000011111111111111111111000000000000000110000000011111111111111111111111111111100000000110100000000111111111111111111111111111111000000001001100000011111111111111111111111111111111000000110001000000111111111111111111111111111111110000001000011111111111111111111111111111111111111111111110000011111111111111111111111111111111111111111111000000111111111111111111111111111111111111111111110000001111111111111111111111111111111111111111111100000000000111111111111111111111111111111111100000000000000001111111111111111111111111111111111000000000000000011111111111111111111111111111111110000000000000000111111111111111111111111111111111100000000000000001111111111111111111111111111111111000000000000000111111111111111111111111111111111111000000000000001111111111111111111111111111111111110000000000000001111111111111111111111111111111111000000000000000011111111111111111111111111111111110000000000000000111111111111111111111111111111111100000000000000001111111111111111111111111111111111000000000000000011111111111111111111111111111111110000000000011111111111111111111111111111111111111111111000000111111111111111111111111111111111111111111110000001111111111111111111111111111111111111111111100000111111111111111111111111111111111111111111111100001000000111111111111111111111111111111110000001000110000001111111111111111111111111111111100000011001000000001111111111111111111111111111110000000010110000000011111111111111111111111111111100000000110000000000000001111111111111111111100000000000000000000000000000011111111111111111111000000000000000000000000000000111111111111111111110000000000000000000000000000001111111111111111111100000000000000000000000000000011111111111111111111000000000000000000000000000000111111111111111111110000000000000000000000000000001111111111111111111100000000000000000000000000000001111111111111111110000000000000000000000000000000011111111111111111100000000000000000000000000000000111111111111111111000000000000000000000000000000001111111111111111110000000000000000,Plane Strain,16820236.92,2267590.78,872045191.9,0,0,7401347.78,1e-09,,2240000000,0.49253731,"[1.68143405e+07 1.67989401e+07 1.67554342e+07 1.66923759e+07
 1.66256759e+07 1.65814386e+07 1.66007405e+07 1.67474099e+07
 1.71206317e+07 1.78755092e+07 1.92569898e+07 2.16565680e+07
 2.57081202e+07 3.24508175e+07 4.36042421e+07 6.20175276e+07
 9.23330222e+07 1.41702224e+08 2.19621825e+08 3.34218092e+08
 4.81774812e+08 6.35891475e+08 7.58565377e+08 8.31326287e+08
 8.63437891e+08 8.71739491e+08 8.63437891e+08 8.31326287e+08
 7.58565377e+08 6.35891475e+08 4.81774812e+08 3.34218092e+08
 2.19621825e+08 1.41702224e+08 9.23330222e+07 6.20175276e+07
 4.36042421e+07 3.24508175e+07 2.57081202e+07 2.16565680e+07
 1.92569898e+07 1.78755092e+07 1.71206317e+07 1.67474099e+07
 1.66007405e+07 1.65814386e+07 1.66256759e+07 1.66923759e+07
 1.67554342e+07 1.67989401e+07 1.68143405e+07 1.67989401e+07
 1.67554342e+07 1.66923759e+07 1.66256759e+07 1.65814386e+07
 1.66007405e+07 1.67474099e+07 1.71206317e+07 1.78755092e+07
 1.92569898e+07 2.16565680e+07 2.57081202e+07 3.24508175e+07
 4.36042421e+07 6.20175276e+07 9.23330222e+07 1.41702224e+08
 2.19621825e+08 3.34218092e+08 4.81774812e+08 6.35891475e+08
 7.58565377e+08 8.31326287e+08 8.63437891e+08 8.71739491e+08
 8.63437891e+08 8.31326287e+08 7.58565377e+08 6.35891475e+08
 4.81774812e+08 3.34218092e+08 2.19621825e+08 1.41702224e+08
 9.23330222e+07 6.20175276e+07 4.36042421e+07 3.24508175e+07
 2.57081202e+07 2.16565680e+07 1.92569898e+07 1.78755092e+07
 1.71206317e+07 1.67474099e+07 1.66007405e+07 1.65814386e+07
 1.66256759e+07 1.66923759e+07 1.67554342e+07 1.67989401e+07
 1.68143405e+07]","[1.34813249e-01 3.34067098e-01 9.08683627e-01 1.74522496e+00
 2.57747798e+00 3.08543160e+00 3.14257682e+00 2.86940419e+00
 2.45490777e+00 2.02710289e+00 1.64299661e+00 1.31821412e+00
 1.05061138e+00 8.32313195e-01 6.54706799e-01 5.10164952e-01
 3.92443520e-01 2.96604886e-01 2.18808345e-01 1.56092993e-01
 1.06192548e-01 6.73893507e-02 3.84040084e-02 1.83145763e-02
 6.49956787e-03 2.60031338e-03 6.49956787e-03 1.83145763e-02
 3.84040084e-02 6.73893507e-02 1.06192548e-01 1.56092993e-01
 2.18808345e-01 2.96604886e-01 3.92443520e-01 5.10164952e-01
 6.54706799e-01 8.32313195e-01 1.05061138e+00 1.31821412e+00
 1.64299661e+00 2.02710289e+00 2.45490777e+00 2.86940419e+00
 3.14257682e+00 3.08543160e+00 2.57747798e+00 1.74522496e+00
 9.08683627e-01 3.34067098e-01 1.34813249e-01 3.34067098e-01
 9.08683627e-01 1.74522496e+00 2.57747798e+00 3.08543160e+00
 3.14257682e+00 2.86940419e+00 2.45490777e+00 2.02710289e+00
 1.64299661e+00 1.31821412e+00 1.05061138e+00 8.32313195e-01
 6.54706799e-01 5.10164952e-01 3.92443520e-01 2.96604886e-01
 2.18808345e-01 1.56092993e-01 1.06192548e-01 6.73893507e-02
 3.84040084e-02 1.83145763e-02 6.49956787e-03 2.60031338e-03
 6.49956787e-03 1.83145763e-02 3.84040084e-02 6.73893507e-02
 1.06192548e-01 1.56092993e-01 2.18808345e-01 2.96604886e-01
 3.92443520e-01 5.10164952e-01 6.54706799e-01 8.32313195e-01
 1.05061138e+00 1.31821412e+00 1.64299661e+00 2.02710289e+00
 2.45490777e+00 2.86940419e+00 3.14257682e+00 3.08543160e+00
 2.57747798e+00 1.74522496e+00 9.08683627e-01 3.34067098e-01
 1.34813249e-01]"
30862,C2v,50,50,0000000000000000000011111111110000000000000000000000000000000000000000111111111100000000000000000000000000000000000000001111111111000000000000000000000000000000000000000011111111110000000000000000000000000000000000000001111111111110000000000000000000111111111111111111111111111111111111111111111111111111111111111111111111111111111111111111111111111111111111111111111111111111111111111111111111111111111111111111111111111111111111111111111111111111110000000001111111111111111111111111111111100000000000000000011111111111111111111111111111111000000000000000000111111111111111111111111111111110000000000000000001111111111111110011111111111111100000000000000000011111111111111000011111111111111000000000000000000111111111111110000111111111111110000000000000000001111111111111100001111111111111100000000000000000011111111111111000011111111111111000000000000000001111111111111110000111111111111111000000000000000111111111111111100001111111111111111000000000000001111111111111111000011111111111111110000000000000011111111111111110000111111111111111100000000000011111111111111111100001111111111111111110000000000111111111111111111000011111111111111111100000000001111111111111111110000111111111111111111000000000011111111111111111100001111111111111111110000000000111111111111111111000011111111111111111100000000001111111111111111110000111111111111111111000000000011111111111111111100001111111111111111110000000000111111111111111111000011111111111111111100000000000011111111111111110000111111111111111100000000000000111111111111111100001111111111111111000000000000001111111111111111000011111111111111110000000000000001111111111111110000111111111111111000000000000000001111111111111100001111111111111100000000000000000011111111111111000011111111111111000000000000000000111111111111110000111111111111110000000000000000001111111111111100001111111111111100000000000000000011111111111111100111111111111111000000000000000000111111111111111111111111111111110000000000000000001111111111111111111111111111111100000000000000000011111111111111111111111111111111000000000111111111111111111111111111111111111111111111111111111111111111111111111111111111111111111111111111111111111111111111111111111111111111111111111111111111111111111111111111111111111111111111111111111110000000000000000000111111111111000000000000000000000000000000000000000111111111100000000000000000000000000000000000000001111111111000000000000000000000000000000000000000011111111110000000000000000000000000000000000000000111111111100000000000000000000,Plane Strain,414294254.6,24610843.8,503273388.8,0,0,19075528.8,1e-09,,2240000000,0.49253731,"[4.13090746e+08 4.09997112e+08 4.00671213e+08 3.84993407e+08
 3.62820213e+08 3.34084915e+08 2.98970630e+08 2.58180148e+08
 2.13307928e+08 1.67255797e+08 1.24505015e+08 9.09003977e+07
 7.25900779e+07 7.41574147e+07 9.67433040e+07 1.37378165e+08
 1.90071590e+08 2.47924954e+08 3.04983665e+08 3.57106889e+08
 4.01948001e+08 4.38494461e+08 4.66539771e+08 4.86262230e+08
 4.97944810e+08 5.01811400e+08 4.97944810e+08 4.86262230e+08
 4.66539771e+08 4.38494461e+08 4.01948001e+08 3.57106889e+08
 3.04983665e+08 2.47924954e+08 1.90071590e+08 1.37378165e+08
 9.67433040e+07 7.41574147e+07 7.25900779e+07 9.09003977e+07
 1.24505015e+08 1.67255797e+08 2.13307928e+08 2.58180148e+08
 2.98970630e+08 3.34084915e+08 3.62820213e+08 3.84993407e+08
 4.00671213e+08 4.09997112e+08 4.13090746e+08 4.09997112e+08
 4.00671213e+08 3.84993407e+08 3.62820213e+08 3.34084915e+08
 2.98970630e+08 2.58180148e+08 2.13307928e+08 1.67255797e+08
 1.24505015e+08 9.09003977e+07 7.25900779e+07 7.41574147e+07
 9.67433040e+07 1.37378165e+08 1.90071590e+08 2.47924954e+08
 3.04983665e+08 3.57106889e+08 4.01948001e+08 4.38494461e+08
 4.66539771e+08 4.86262230e+08 4.97944810e+08 5.01811400e+08
 4.97944810e+08 4.86262230e+08 4.66539771e+08 4.38494461e+08
 4.01948001e+08 3.57106889e+08 3.04983665e+08 2.47924954e+08
 1.90071590e+08 1.37378165e+08 9.67433040e+07 7.41574147e+07
 7.25900779e+07 9.09003977e+07 1.24505015e+08 1.67255797e+08
 2.13307928e+08 2.58180148e+08 2.98970630e+08 3.34084915e+08
 3.62820213e+08 3.84993407e+08 4.00671213e+08 4.09997112e+08
 4.13090746e+08]","[0.05940426 0.06736075 0.09135595 0.13171128 0.18876051 0.26249217
 0.35195618 0.45440304 0.56425862 0.67233182 0.76603239 0.83145163
 0.85732375 0.83920398 0.7812353  0.6942506  0.59162653 0.48547286
 0.38466927 0.29465845 0.21817417 0.1561847  0.1086895  0.07527564
 0.05546341 0.04890154 0.05546341 0.07527564 0.1086895  0.1561847
 0.21817417 0.29465845 0.38466927 0.48547286 0.59162653 0.6942506
 0.7812353  0.83920398 0.85732375 0.83145163 0.76603239 0.67233182
 0.56425862 0.45440304 0.35195618 0.26249217 0.18876051 0.13171128
 0.09135595 0.06736075 0.05940426 0.06736075 0.09135595 0.13171128
 0.18876051 0.26249217 0.35195618 0.45440304 0.56425862 0.67233182
 0.76603239 0.83145163 0.85732375 0.83920398 0.7812353  0.6942506
 0.59162653 0.48547286 0.38466927 0.29465845 0.21817417 0.1561847
 0.1086895  0.07527564 0.05546341 0.04890154 0.05546341 0.07527564
 0.1086895  0.1561847  0.21817417 0.29465845 0.38466927 0.48547286
 0.59162653 0.6942506  0.7812353  0.83920398 0.85732375 0.83145163
 0.76603239 0.67233182 0.56425862 0.45440304 0.35195618 0.26249217
 0.18876051 0.13171128 0.09135595 0.06736075 0.05940426]"
44518,C2v,50,50,0000000000001111111111111111111111111100000000000000000000000011111111111111111111111111000000000000000000000000111111111111111111111111110000000000000000000000001111111111111111111111111100000000000011000000000111111111111111111111111111100000000011111111111111111111111111111111111111111111111111110111111111111111111111111111111111111111111111111000111111111111111111111111111111111111111111111100001111111111111111111111111111111111111111111111000000111111111111111111111111111111111111111111000000001111111111111111111111111111111111111111110000000011111111111111111111111111111111111111111100000000011111111111111111111111111111111111111110000000000111111111111111111111111111111111111111100000000001111111111111111111111111111111111111111000000000001111111111111111111111111111111111111100000000000000111111111111111111111111111111111100000000000000001111111111111111111111111111111111000000000000000011111111111111111111111111111111110000000000000000111111111111111111111111111111111100000000000000001111111111111111111111111111111111000000000000011111111111111111111111111111111111111110000000000111111111111111111111111111111111111111100000000001111111111111111111111111111111111111111000000000011111111111111111111111111111111111111110000000000111111111111111111111111111111111111111100000000001111111111111111111111111111111111111111000000000011111111111111111111111111111111111111110000000000111111111111111111111111111111111111111100000000000001111111111111111111111111111111111000000000000000011111111111111111111111111111111110000000000000000111111111111111111111111111111111100000000000000001111111111111111111111111111111111000000000000000011111111111111111111111111111111110000000000000011111111111111111111111111111111111111000000000001111111111111111111111111111111111111111000000000011111111111111111111111111111111111111110000000000111111111111111111111111111111111111111100000000011111111111111111111111111111111111111111100000000111111111111111111111111111111111111111111000000001111111111111111111111111111111111111111110000001111111111111111111111111111111111111111111111000011111111111111111111111111111111111111111111110001111111111111111111111111111111111111111111111110111111111111111111111111111111111111111111111111111100000000011111111111111111111111111110000000001100000000000011111111111111111111111111000000000000000000000000111111111111111111111111110000000000000000000000001111111111111111111111111100000000000000000000000011111111111111111111111111000000000000,Plane Strain,267645664.5,36760945.45,1223817009.0,0,0,56524547.9,1e-09,,2240000000,0.49253731,"[2.66541441e+08 2.65321957e+08 2.61679028e+08 2.55665254e+08
 2.47389464e+08 2.37052383e+08 2.25004673e+08 2.11835855e+08
 1.98504326e+08 1.86516984e+08 1.78155644e+08 1.76714948e+08
 1.86647082e+08 2.13396448e+08 2.62601084e+08 3.38406275e+08
 4.41135300e+08 5.65465139e+08 7.00723429e+08 8.33835735e+08
 9.53331695e+08 1.05198628e+09 1.12705311e+09 1.17884244e+09
 1.20892810e+09 1.21876792e+09 1.20892810e+09 1.17884244e+09
 1.12705311e+09 1.05198628e+09 9.53331695e+08 8.33835735e+08
 7.00723429e+08 5.65465139e+08 4.41135300e+08 3.38406275e+08
 2.62601084e+08 2.13396448e+08 1.86647082e+08 1.76714948e+08
 1.78155644e+08 1.86516984e+08 1.98504326e+08 2.11835855e+08
 2.25004673e+08 2.37052383e+08 2.47389464e+08 2.55665254e+08
 2.61679028e+08 2.65321957e+08 2.66541441e+08 2.65321957e+08
 2.61679028e+08 2.55665254e+08 2.47389464e+08 2.37052383e+08
 2.25004673e+08 2.11835855e+08 1.98504326e+08 1.86516984e+08
 1.78155644e+08 1.76714948e+08 1.86647082e+08 2.13396448e+08
 2.62601084e+08 3.38406275e+08 4.41135300e+08 5.65465139e+08
 7.00723429e+08 8.33835735e+08 9.53331695e+08 1.05198628e+09
 1.12705311e+09 1.17884244e+09 1.20892810e+09 1.21876792e+09
 1.20892810e+09 1.17884244e+09 1.12705311e+09 1.05198628e+09
 9.53331695e+08 8.33835735e+08 7.00723429e+08 5.65465139e+08
 4.41135300e+08 3.38406275e+08 2.62601084e+08 2.13396448e+08
 1.86647082e+08 1.76714948e+08 1.78155644e+08 1.86516984e+08
 1.98504326e+08 2.11835855e+08 2.25004673e+08 2.37052383e+08
 2.47389464e+08 2.55665254e+08 2.61679028e+08 2.65321957e+08
 2.66541441e+08]","[0.1373493  0.15536556 0.20886047 0.29573391 0.41110908 0.54569879
 0.68474139 0.8090276  0.8990675  0.94124134 0.93236283 0.87959088
 0.79619475 0.69639129 0.59191247 0.49084699 0.39796746 0.31561413
 0.24457731 0.18477262 0.1356917  0.09667812 0.06708547 0.04636277
 0.03409789 0.03003794 0.03409789 0.04636277 0.06708547 0.09667812
 0.1356917  0.18477262 0.24457731 0.31561413 0.39796746 0.49084699
 0.59191247 0.69639129 0.79619475 0.87959088 0.93236283 0.94124134
 0.8990675  0.8090276  0.68474139 0.54569879 0.41110908 0.29573391
 0.20886047 0.15536556 0.1373493  0.15536556 0.20886047 0.29573391
 0.41110908 0.54569879 0.68474139 0.8090276  0.8990675  0.94124134
 0.93236283 0.87959088 0.79619475 0.69639129 0.59191247 0.49084699
 0.39796746 0.31561413 0.24457731 0.18477262 0.1356917  0.09667812
 0.06708547 0.04636277 0.03409789 0.03003794 0.03409789 0.04636277
 0.06708547 0.09667812 0.1356917  0.18477262 0.24457731 0.31561413
 0.39796746 0.49084699 0.59191247 0.69639129 0.79619475 0.87959088
 0.93236283 0.94124134 0.8990675  0.8090276  0.68474139 0.54569879
 0.41110908 0.29573391 0.20886047 0.15536556 0.1373493 ]"
29764,C2v,50,50,0000000011111111111111111111111111111111110000000000000000111111111111111111111111111111111100000000000000001111111111111111111111111111111111000000000000000011111111111111111111111111111111110000000011111111111111111111111111111111111111111111111111111111111111111111111111111111111111111111111111111111111111111111111111111111111111111111111111111111111111111111111111111111111111111111111111111111011111111111111111111111111111111111111111111111100111111111111111111111111111111111111111111111111000111111111111111111111111111111111111111111111100001111111111111111111111111111111111111111111111000001111111111111111111111111111111111111111111100000011111111111111111111111111111111111111111111000000111111111111111111111111111111111111111111110000001111111111111111111111111111111111111111111100000011111111111111111111111111111111111111111111000000111111111111111111111111111111111111111111110000001111111111111111111111111111111111111111111100000011111111111111111111111111111111111111111111000000111111111111111111111111111111111111111111110000001111111111111111111111111111111111111111111100000111111111111111111111111111111111111111111111100001111111111111111111111111111111111111111111111000011111111111111111111111111111111111111111111110000111111111111111111111111111111111111111111111100001111111111111111111111111111111111111111111111000011111111111111111111111111111111111111111111110000011111111111111111111111111111111111111111111000000111111111111111111111111111111111111111111110000001111111111111111111111111111111111111111111100000011111111111111111111111111111111111111111111000000111111111111111111111111111111111111111111110000001111111111111111111111111111111111111111111100000011111111111111111111111111111111111111111111000000111111111111111111111111111111111111111111110000001111111111111111111111111111111111111111111100000011111111111111111111111111111111111111111111000001111111111111111111111111111111111111111111111000011111111111111111111111111111111111111111111110001111111111111111111111111111111111111111111111110011111111111111111111111111111111111111111111111101111111111111111111111111111111111111111111111111111111111111111111111111111111111111111111111111111111111111111111111111111111111111111111111111111111111111111111111111111111111111111111111111111111100000000111111111111111111111111111111111100000000000000001111111111111111111111111111111111000000000000000011111111111111111111111111111111110000000000000000111111111111111111111111111111111100000000,Plane Strain,692984471.8,130643853.7,1576859324.0,0,0,223401295.3,1e-09,,2240000000,0.49253731,"[6.82160541e+08 6.80471191e+08 6.75481580e+08 6.67436930e+08
 6.56778997e+08 6.44195470e+08 6.30687144e+08 6.17646929e+08
 6.06936650e+08 6.00934631e+08 6.02510006e+08 6.14864703e+08
 6.41185011e+08 6.84082730e+08 7.44895415e+08 8.23036994e+08
 9.15670800e+08 1.01792193e+09 1.12363172e+09 1.22639940e+09
 1.32053451e+09 1.40163484e+09 1.46671894e+09 1.51402434e+09
 1.54265400e+09 1.55222989e+09 1.54265400e+09 1.51402434e+09
 1.46671894e+09 1.40163484e+09 1.32053451e+09 1.22639940e+09
 1.12363172e+09 1.01792193e+09 9.15670800e+08 8.23036994e+08
 7.44895415e+08 6.84082730e+08 6.41185011e+08 6.14864703e+08
 6.02510006e+08 6.00934631e+08 6.06936650e+08 6.17646929e+08
 6.30687144e+08 6.44195470e+08 6.56778997e+08 6.67436930e+08
 6.75481580e+08 6.80471191e+08 6.82160541e+08 6.80471191e+08
 6.75481580e+08 6.67436930e+08 6.56778997e+08 6.44195470e+08
 6.30687144e+08 6.17646929e+08 6.06936650e+08 6.00934631e+08
 6.02510006e+08 6.14864703e+08 6.41185011e+08 6.84082730e+08
 7.44895415e+08 8.23036994e+08 9.15670800e+08 1.01792193e+09
 1.12363172e+09 1.22639940e+09 1.32053451e+09 1.40163484e+09
 1.46671894e+09 1.51402434e+09 1.54265400e+09 1.55222989e+09
 1.54265400e+09 1.51402434e+09 1.46671894e+09 1.40163484e+09
 1.32053451e+09 1.22639940e+09 1.12363172e+09 1.01792193e+09
 9.15670800e+08 8.23036994e+08 7.44895415e+08 6.84082730e+08
 6.41185011e+08 6.14864703e+08 6.02510006e+08 6.00934631e+08
 6.06936650e+08 6.17646929e+08 6.30687144e+08 6.44195470e+08
 6.56778997e+08 6.67436930e+08 6.75481580e+08 6.80471191e+08
 6.82160541e+08]","[0.18852349 0.19509347 0.21443804 0.24541826 0.28601346 0.33321128
 0.38299989 0.43058334 0.47090082 0.49940949 0.5129275  0.51023347
 0.4921833  0.46131929 0.4211659  0.37549218 0.32775147 0.28077494
 0.23668652 0.19696121 0.16255024 0.13402038 0.11167866 0.09567148
 0.08605655 0.08285067 0.08605655 0.09567148 0.11167866 0.13402038
 0.16255024 0.19696121 0.23668652 0.28077494 0.32775147 0.37549218
 0.4211659  0.46131929 0.4921833  0.51023347 0.5129275  0.49940949
 0.47090082 0.43058334 0.38299989 0.33321128 0.28601346 0.24541826
 0.21443804 0.19509347 0.18852349 0.19509347 0.21443804 0.24541826
 0.28601346 0.33321128 0.38299989 0.43058334 0.47090082 0.49940949
 0.5129275  0.51023347 0.4921833  0.46131929 0.4211659  0.37549218
 0.32775147 0.28077494 0.23668652 0.19696121 0.16255024 0.13402038
 0.11167866 0.09567148 0.08605655 0.08285067 0.08605655 0.09567148
 0.11167866 0.13402038 0.16255024 0.19696121 0.23668652 0.28077494
 0.32775147 0.37549218 0.4211659  0.46131929 0.4921833  0.51023347
 0.5129275  0.49940949 0.47090082 0.43058334 0.38299989 0.33321128
 0.28601346 0.24541826 0.21443804 0.19509347 0.18852349]"
73883,C2v,50,50,0000000000111111111111111111111111111111000000000000000000001111111111111111111111111111110000000000000000000011111111111111111111111111111100000000000000000000111111111111111111111111111111000000000000000000011111111111111111111111111111111000000000000000001111111111111111111111111111111111000000000000000011111111111111111111111111111111110000000000000000111111111111111111111111111111111100000000000011111111111111111111111111111111111111111100000000111111111111111111111111111111111111111111000000001111111111111111111111111111111111111111110000000011111111111111111111111111111111111111111100000000111111111111111111111111111111111111111111000000001111111111111111111111111111111111111111110000000111111111111111111111111111111111111111111110000011111111111111111111111111111111111111111111110000111111111111111111111111111111111111111111111100001111111111111111111111111111111111111111111111001111111111111111111111111111111111111111111111111111111111111111111111111111111111111111111111111111111111111111111111111111111111111111111111111111111111111111111111111111111111111111111111111111111111111111111111111111111111111111111111111111111111111111111111111111111111111111111111111111111111111111111111111111111111111111111111111111111111111111111111111111111111111111111111111111111111111111111111111111111111111111111111111111111111111111111111111111111111111111111111111111111111111111111111111111111111111111111111111111111111111111111111111111111111111111111111111111111111111111111111111111111111111111111111111111111111111111111111111111111111111111111111111111111111111111111111111111001111111111111111111111111111111111111111111111000011111111111111111111111111111111111111111111110000111111111111111111111111111111111111111111111100000111111111111111111111111111111111111111111110000000111111111111111111111111111111111111111111000000001111111111111111111111111111111111111111110000000011111111111111111111111111111111111111111100000000111111111111111111111111111111111111111111000000001111111111111111111111111111111111111111110000000011111111111111111111111111111111111111111100000000000011111111111111111111111111111111110000000000000000111111111111111111111111111111111100000000000000001111111111111111111111111111111111000000000000000001111111111111111111111111111111100000000000000000001111111111111111111111111111110000000000000000000011111111111111111111111111111100000000000000000000111111111111111111111111111111000000000000000000001111111111111111111111111111110000000000,Plane Strain,943101313.0,321845672.3,1515830451.0,0,0,355549133.2,1e-09,,2240000000,0.49253731,"[8.74766074e+08 8.74650133e+08 8.74368113e+08 8.74117210e+08
 8.74224917e+08 8.75145500e+08 8.77451635e+08 8.81817872e+08
 8.88992230e+08 8.99752379e+08 9.14844303e+08 9.34904131e+08
 9.60368186e+08 9.91381450e+08 1.02771924e+09 1.06873886e+09
 1.11337546e+09 1.16018902e+09 1.20745865e+09 1.25330973e+09
 1.29585329e+09 1.33331613e+09 1.36414638e+09 1.38708756e+09
 1.40122274e+09 1.40599640e+09 1.40122274e+09 1.38708756e+09
 1.36414638e+09 1.33331613e+09 1.29585329e+09 1.25330973e+09
 1.20745865e+09 1.16018902e+09 1.11337546e+09 1.06873886e+09
 1.02771924e+09 9.91381450e+08 9.60368186e+08 9.34904131e+08
 9.14844303e+08 8.99752379e+08 8.88992230e+08 8.81817872e+08
 8.77451635e+08 8.75145500e+08 8.74224917e+08 8.74117210e+08
 8.74368113e+08 8.74650133e+08 8.74766074e+08 8.74650133e+08
 8.74368113e+08 8.74117210e+08 8.74224917e+08 8.75145500e+08
 8.77451635e+08 8.81817872e+08 8.88992230e+08 8.99752379e+08
 9.14844303e+08 9.34904131e+08 9.60368186e+08 9.91381450e+08
 1.02771924e+09 1.06873886e+09 1.11337546e+09 1.16018902e+09
 1.20745865e+09 1.25330973e+09 1.29585329e+09 1.33331613e+09
 1.36414638e+09 1.38708756e+09 1.40122274e+09 1.40599640e+09
 1.40122274e+09 1.38708756e+09 1.36414638e+09 1.33331613e+09
 1.29585329e+09 1.25330973e+09 1.20745865e+09 1.16018902e+09
 1.11337546e+09 1.06873886e+09 1.02771924e+09 9.91381450e+08
 9.60368186e+08 9.34904131e+08 9.14844303e+08 8.99752379e+08
 8.88992230e+08 8.81817872e+08 8.77451635e+08 8.75145500e+08
 8.74224917e+08 8.74117210e+08 8.74368113e+08 8.74650133e+08
 8.74766074e+08]","[0.34126309 0.34264014 0.34663377 0.35284068 0.36061982 0.36914075
 0.37745227 0.38456883 0.3895673  0.3916823  0.39038583 0.38543775
 0.37689921 0.36510872 0.35062819 0.33417167 0.31653031 0.29850507
 0.28085407 0.26425719 0.24929664 0.23645018 0.22609312 0.21850497
 0.21387766 0.212323   0.21387766 0.21850497 0.22609312 0.23645018
 0.24929664 0.26425719 0.28085407 0.29850507 0.31653031 0.33417167
 0.35062819 0.36510872 0.37689921 0.38543775 0.39038583 0.3916823
 0.3895673  0.38456883 0.37745227 0.36914075 0.36061982 0.35284068
 0.34663377 0.34264014 0.34126309 0.34264014 0.34663377 0.35284068
 0.36061982 0.36914075 0.37745227 0.38456883 0.3895673  0.3916823
 0.39038583 0.38543775 0.37689921 0.36510872 0.35062819 0.33417167
 0.31653031 0.29850507 0.28085407 0.26425719 0.24929664 0.23645018
 0.22609312 0.21850497 0.21387766 0.212323   0.21387766 0.21850497
 0.22609312 0.23645018 0.24929664 0.26425719 0.28085407 0.29850507
 0.31653031 0.33417167 0.35062819 0.36510872 0.37689921 0.38543775
 0.39038583 0.3916823  0.3895673  0.38456883 0.37745227 0.36914075
 0.36061982 0.35284068 0.34663377 0.34264014 0.34126309]"
76440,C2v,50,50,0000000000000000000111111111111000000000000000000000000000000000000001111111111110000000000000000000000000000000000000011111111111100000000000000000000000000000000000000111111111111000000000000000000000000000000000010011111111111111001000000000000000000000000000000111111111111111111110000000000000000000000000000001111111111111111111100000000000000000000000000000111111111111111111111100000000000000000000000001111111111111111111111111111000000000000000000000011111111111111111111111111110000000000000000000000111111111111111111111111111100000000000000000111111111111111111111111111111111111110000000000001111111111111111111111111111111111111100000000000111111111111111111111111111111111111111100000111001111111111111111111111111111111111111111001111111111111111111111111111111111111111111111111111100011111111111111111111111111111111111111111111000000111111111111111111111111111111111111111111110000001111111111111111111111111111111111111111111100000011111111111111111111111111111111111111111111000000111111111111111111111111111111111111111111110000011111111111111111111111111111111111111111111110000111111111111111111111111111111111111111111111100001111111111111111111111111111111111111111111111000011111111111111111111111111111111111111111111110000111111111111111111111111111111111111111111111100001111111111111111111111111111111111111111111111000011111111111111111111111111111111111111111111110000111111111111111111111111111111111111111111111100000111111111111111111111111111111111111111111110000001111111111111111111111111111111111111111111100000011111111111111111111111111111111111111111111000000111111111111111111111111111111111111111111110000001111111111111111111111111111111111111111111100011111111111111111111111111111111111111111111111111111001111111111111111111111111111111111111111001110000011111111111111111111111111111111111111110000000000011111111111111111111111111111111111111000000000000111111111111111111111111111111111111110000000000000000011111111111111111111111111110000000000000000000000111111111111111111111111111100000000000000000000001111111111111111111111111111000000000000000000000000011111111111111111111110000000000000000000000000000011111111111111111111000000000000000000000000000000111111111111111111110000000000000000000000000000001001111111111111100100000000000000000000000000000000001111111111110000000000000000000000000000000000000011111111111100000000000000000000000000000000000000111111111111000000000000000000000000000000000000001111111111110000000000000000000,Plane Strain,325366910.9,54104826.78,738497548.3,0,0,20018763.45,1e-09,,2240000000,0.49253731,"[3.21403008e+08 3.19042524e+08 3.11950168e+08 3.00102544e+08
 2.83493980e+08 2.62194539e+08 2.36447536e+08 2.06821989e+08
 1.74434250e+08 1.41237850e+08 1.10335366e+08 8.61743078e+07
 7.43620578e+07 8.07721966e+07 1.09828974e+08 1.62484553e+08
 2.35070886e+08 3.20036584e+08 4.08313043e+08 4.91878469e+08
 5.65223309e+08 6.25473068e+08 6.71707337e+08 7.04095906e+08
 7.23196384e+08 7.29500529e+08 7.23196384e+08 7.04095906e+08
 6.71707337e+08 6.25473068e+08 5.65223309e+08 4.91878469e+08
 4.08313043e+08 3.20036584e+08 2.35070886e+08 1.62484553e+08
 1.09828974e+08 8.07721966e+07 7.43620578e+07 8.61743078e+07
 1.10335366e+08 1.41237850e+08 1.74434250e+08 2.06821989e+08
 2.36447536e+08 2.62194539e+08 2.83493980e+08 3.00102544e+08
 3.11950168e+08 3.19042524e+08 3.21403008e+08 3.19042524e+08
 3.11950168e+08 3.00102544e+08 2.83493980e+08 2.62194539e+08
 2.36447536e+08 2.06821989e+08 1.74434250e+08 1.41237850e+08
 1.10335366e+08 8.61743078e+07 7.43620578e+07 8.07721966e+07
 1.09828974e+08 1.62484553e+08 2.35070886e+08 3.20036584e+08
 4.08313043e+08 4.91878469e+08 5.65223309e+08 6.25473068e+08
 6.71707337e+08 7.04095906e+08 7.23196384e+08 7.29500529e+08
 7.23196384e+08 7.04095906e+08 6.71707337e+08 6.25473068e+08
 5.65223309e+08 4.91878469e+08 4.08313043e+08 3.20036584e+08
 2.35070886e+08 1.62484553e+08 1.09828974e+08 8.07721966e+07
 7.43620578e+07 8.61743078e+07 1.10335366e+08 1.41237850e+08
 1.74434250e+08 2.06821989e+08 2.36447536e+08 2.62194539e+08
 2.83493980e+08 3.00102544e+08 3.11950168e+08 3.19042524e+08
 3.21403008e+08]","[0.16628866 0.17784587 0.21250013 0.27003903 0.34955728 0.44860024
 0.56202561 0.68093293 0.79242805 0.88120839 0.93332087 0.94077434
 0.90431915 0.83255174 0.73815292 0.63377286 0.52945723 0.43190873
 0.34491159 0.27016749 0.20809569 0.15843589 0.12064689 0.09414833
 0.0784578  0.07326338 0.0784578  0.09414833 0.12064689 0.15843589
 0.20809569 0.27016749 0.34491159 0.43190873 0.52945723 0.63377286
 0.73815292 0.83255174 0.90431915 0.94077434 0.93332087 0.88120839
 0.79242805 0.68093293 0.56202561 0.44860024 0.34955728 0.27003903
 0.21250013 0.17784587 0.16628866 0.17784587 0.21250013 0.27003903
 0.34955728 0.44860024 0.56202561 0.68093293 0.79242805 0.88120839
 0.93332087 0.94077434 0.90431915 0.83255174 0.73815292 0.63377286
 0.52945723 0.43190873 0.34491159 0.27016749 0.20809569 0.15843589
 0.12064689 0.09414833 0.0784578  0.07326338 0.0784578  0.09414833
 0.12064689 0.15843589 0.20809569 0.27016749 0.34491159 0.43190873
 0.52945723 0.63377286 0.73815292 0.83255174 0.90431915 0.94077434
 0.93332087 0.88120839 0.79242805 0.68093293 0.56202561 0.44860024
 0.34955728 0.27003903 0.21250013 0.17784587 0.16628866]"
67927,C2v,50,50,1111111111111111111111111111111111111111111111111111111111111111111111111111111111111111111111111111111111111111111111111111111111111111111111111111111111111111111111111111111111111111111111111111111111111111111111111111111111111111111111111111111111111111111111111111111111111111111111111111111111110000000000000011111111111111111111110000000000000000000000000000111111111111111111111100000000000000000000000000001111111111111111111111000000000000000000000000000011111111111111111111110000000000000000000000000000111111111111111111111100000000000000000000000000001111111111111111111111000000000000000000000000000011111111111111111111110000000000000000000000000000111111111111111111111100000000000000000000000000001111111111111111111111000000000000000000000000000001111111111111111111100000000000000000000000000000011111111111111111111000000000000000000000000000000111111111111111111110000000000000000000000000000001111111111111111111100000000000000000000000000000011111111111111111111000000000000000000000000000000111111111111111111110000000000000000000000000000001111111111111111111100000000000000000000000000000011111111111111111111000000000000000000000000000000011111111111111111100000000000000000000000000000000111111111111111111000000000000000000000000000000001111111111111111110000000000000000000000000000000011111111111111111100000000000000000000000000000001111111111111111111100000000000000000000000000000011111111111111111111000000000000000000000000000000111111111111111111110000000000000000000000000000001111111111111111111100000000000000000000000000000011111111111111111111000000000000000000000000000000111111111111111111110000000000000000000000000000001111111111111111111100000000000000000000000000000011111111111111111111000000000000000000000000000001111111111111111111111000000000000000000000000000011111111111111111111110000000000000000000000000000111111111111111111111100000000000000000000000000001111111111111111111111000000000000000000000000000011111111111111111111110000000000000000000000000000111111111111111111111100000000000000000000000000001111111111111111111111000000000000000000000000000011111111111111111111110000000000000000000000000000111111111111111111111100000000000000111111111111111111111111111111111111111111111111111111111111111111111111111111111111111111111111111111111111111111111111111111111111111111111111111111111111111111111111111111111111111111111111111111111111111111111111111111111111111111111111111111111111111111111111111111111111111111111111111111111111,Plane Strain,553176369.2,94073022.94,856908742.0,0,0,48106908.69,1e-09,,2240000000,0.49253731,"[5.42848859e+08 5.39027472e+08 5.27562053e+08 5.08467675e+08
 4.81835560e+08 4.47943215e+08 4.07427834e+08 3.61532631e+08
 3.12416818e+08 2.63472843e+08 2.19511296e+08 1.86576860e+08
 1.71135385e+08 1.78567602e+08 2.11372941e+08 2.67953267e+08
 3.42774777e+08 4.27925100e+08 5.15220321e+08 5.97851626e+08
 6.71093388e+08 7.32206186e+08 7.79929238e+08 8.13899779e+08
 8.34175567e+08 8.40910709e+08 8.34175567e+08 8.13899779e+08
 7.79929238e+08 7.32206186e+08 6.71093388e+08 5.97851626e+08
 5.15220321e+08 4.27925100e+08 3.42774777e+08 2.67953267e+08
 2.11372941e+08 1.78567602e+08 1.71135385e+08 1.86576860e+08
 2.19511296e+08 2.63472843e+08 3.12416818e+08 3.61532631e+08
 4.07427834e+08 4.47943215e+08 4.81835560e+08 5.08467675e+08
 5.27562053e+08 5.39027472e+08 5.42848859e+08 5.39027472e+08
 5.27562053e+08 5.08467675e+08 4.81835560e+08 4.47943215e+08
 4.07427834e+08 3.61532631e+08 3.12416818e+08 2.63472843e+08
 2.19511296e+08 1.86576860e+08 1.71135385e+08 1.78567602e+08
 2.11372941e+08 2.67953267e+08 3.42774777e+08 4.27925100e+08
 5.15220321e+08 5.97851626e+08 6.71093388e+08 7.32206186e+08
 7.79929238e+08 8.13899779e+08 8.34175567e+08 8.40910709e+08
 8.34175567e+08 8.13899779e+08 7.79929238e+08 7.32206186e+08
 6.71093388e+08 5.97851626e+08 5.15220321e+08 4.27925100e+08
 3.42774777e+08 2.67953267e+08 2.11372941e+08 1.78567602e+08
 1.71135385e+08 1.86576860e+08 2.19511296e+08 2.63472843e+08
 3.12416818e+08 3.61532631e+08 4.07427834e+08 4.47943215e+08
 4.81835560e+08 5.08467675e+08 5.27562053e+08 5.39027472e+08
 5.42848859e+08]","[0.17005973 0.17828551 0.20292433 0.24378256 0.30027097 0.37099195
 0.45317425 0.54206418 0.63053952 0.7093735  0.76854831 0.79957513
 0.79799878 0.76478503 0.70577727 0.62960619 0.54525789 0.46034026
 0.3803691  0.30883215 0.2476307  0.1975963  0.15893179 0.13153361
 0.11520451 0.10978185 0.11520451 0.13153361 0.15893179 0.1975963
 0.2476307  0.30883215 0.3803691  0.46034026 0.54525789 0.62960619
 0.70577727 0.76478503 0.79799878 0.79957513 0.76854831 0.7093735
 0.63053952 0.54206418 0.45317425 0.37099195 0.30027097 0.24378256
 0.20292433 0.17828551 0.17005973 0.17828551 0.20292433 0.24378256
 0.30027097 0.37099195 0.45317425 0.54206418 0.63053952 0.7093735
 0.76854831 0.79957513 0.79799878 0.76478503 0.70577727 0.62960619
 0.54525789 0.46034026 0.3803691  0.30883215 0.2476307  0.1975963
 0.15893179 0.13153361 0.11520451 0.10978185 0.11520451 0.13153361
 0.15893179 0.1975963  0.2476307  0.30883215 0.3803691  0.46034026
 0.54525789 0.62960619 0.70577727 0.76478503 0.79799878 0.79957513
 0.76854831 0.7093735  0.63053952 0.54206418 0.45317425 0.37099195
 0.30027097 0.24378256 0.20292433 0.17828551 0.17005973]"
11895,C2v,50,50,0000000000000001111111111111111111100000000000000000000000000001111111111111111111111110000000000000000000000000011111111111111111111111100000000000000000000000000111111111111111111111111000000000000000000111111111111111111111111111111111111111100000000001111111111111111111111111111111111111111000000001111111111111111111111111111111111111111111100000011111111111111111111111111111111111111111111000111111111111111111111111111111111111111111111111111111111111111111111111111111111111111111111111111111111111111111111111111111111111111111111111111111111111111111111111111111111111111111111111111111111111111111111111111111111111111111111111111111111111111111111111111111111111111111111111111111111111111111111111111111111111111111111111111111111111110001111111111111111111111111111111111111111111100000011111111111111111111111111111111111111111111000000111111111111111111111111111111111111111111110000001111111111111111111111111111111111111111111100000011111111111111111111111111111111111111111111000000111111111111111111111111111111111111111111110000001111111111111111111111111111111111111111111100000011111111111111111111111111111111111111111111000000111111111111111111111111111111111111111111110001111111111111111111111111111111111111111111111111111111111111111111111111111111111111111111111111111000111111111111111111111111111111111111111111110000001111111111111111111111111111111111111111111100000011111111111111111111111111111111111111111111000000111111111111111111111111111111111111111111110000001111111111111111111111111111111111111111111100000011111111111111111111111111111111111111111111000000111111111111111111111111111111111111111111110000001111111111111111111111111111111111111111111100000011111111111111111111111111111111111111111111000111111111111111111111111111111111111111111111111111111111111111111111111111111111111111111111111111111111111111111111111111111111111111111111111111111111111111111111111111111111111111111111111111111111111111111111111111111111111111111111111111111111111111111111111111111111111111111111111111111111111111111111111111111111111111111111111111111111111110001111111111111111111111111111111111111111111100000011111111111111111111111111111111111111111111000000001111111111111111111111111111111111111111000000000011111111111111111111111111111111111111110000000000000000001111111111111111111111110000000000000000000000000011111111111111111111111100000000000000000000000000111111111111111111111111000000000000000000000000000011111111111111111111000000000000000,Plane Strain,1303665284.0,290777122.6,1184266900.0,0,0,284480219.7,1e-09,,2240000000,0.49253731,"[1.23226978e+09 1.22713449e+09 1.21189961e+09 1.18709346e+09
 1.15364413e+09 1.11293726e+09 1.06686856e+09 1.01786093e+09
 9.68810142e+08 9.22926620e+08 8.83460211e+08 8.53331068e+08
 8.34733394e+08 8.28809200e+08 8.35484847e+08 8.53518166e+08
 8.80736875e+08 9.14392653e+08 9.51534580e+08 9.89322904e+08
 1.02524216e+09 1.05721054e+09 1.08360691e+09 1.10324623e+09
 1.11533235e+09 1.11941027e+09 1.11533235e+09 1.10324623e+09
 1.08360691e+09 1.05721054e+09 1.02524216e+09 9.89322904e+08
 9.51534580e+08 9.14392653e+08 8.80736875e+08 8.53518166e+08
 8.35484847e+08 8.28809200e+08 8.34733394e+08 8.53331068e+08
 8.83460211e+08 9.22926620e+08 9.68810142e+08 1.01786093e+09
 1.06686856e+09 1.11293726e+09 1.15364413e+09 1.18709346e+09
 1.21189961e+09 1.22713449e+09 1.23226978e+09 1.22713449e+09
 1.21189961e+09 1.18709346e+09 1.15364413e+09 1.11293726e+09
 1.06686856e+09 1.01786093e+09 9.68810142e+08 9.22926620e+08
 8.83460211e+08 8.53331068e+08 8.34733394e+08 8.28809200e+08
 8.35484847e+08 8.53518166e+08 8.80736875e+08 9.14392653e+08
 9.51534580e+08 9.89322904e+08 1.02524216e+09 1.05721054e+09
 1.08360691e+09 1.10324623e+09 1.11533235e+09 1.11941027e+09
 1.11533235e+09 1.10324623e+09 1.08360691e+09 1.05721054e+09
 1.02524216e+09 9.89322904e+08 9.51534580e+08 9.14392653e+08
 8.80736875e+08 8.53518166e+08 8.35484847e+08 8.28809200e+08
 8.34733394e+08 8.53331068e+08 8.83460211e+08 9.22926620e+08
 9.68810142e+08 1.01786093e+09 1.06686856e+09 1.11293726e+09
 1.15364413e+09 1.18709346e+09 1.21189961e+09 1.22713449e+09
 1.23226978e+09]","[0.22304584 0.22596538 0.2346359  0.24878439 0.26792837 0.29134017
 0.31800896 0.34661496 0.37553472 0.402899   0.42671949 0.44508611
 0.45641159 0.45967395 0.45459329 0.44168912 0.42219898 0.39788361
 0.37077562 0.34293531 0.31626023 0.29236749 0.27254378 0.25774405
 0.2486164  0.24553344 0.2486164  0.25774405 0.27254378 0.29236749
 0.31626023 0.34293531 0.37077562 0.39788361 0.42219898 0.44168912
 0.45459329 0.45967395 0.45641159 0.44508611 0.42671949 0.402899
 0.37553472 0.34661496 0.31800896 0.29134017 0.26792837 0.24878439
 0.2346359  0.22596538 0.22304584 0.22596538 0.2346359  0.24878439
 0.26792837 0.29134017 0.31800896 0.34661496 0.37553472 0.402899
 0.42671949 0.44508611 0.45641159 0.45967395 0.45459329 0.44168912
 0.42219898 0.39788361 0.37077562 0.34293531 0.31626023 0.29236749
 0.27254378 0.25774405 0.2486164  0.24553344 0.2486164  0.25774405
 0.27254378 0.29236749 0.31626023 0.34293531 0.37077562 0.39788361
 0.42219898 0.44168912 0.45459329 0.45967395 0.45641159 0.44508611
 0.42671949 0.402899   0.37553472 0.34661496 0.31800896 0.29134017
 0.26792837 0.24878439 0.2346359  0.22596538 0.22304584]"
51140,C2v,50,50,0000000000000000000001111111100000000000000000000000000000000000000011111111111111000000000000000000001111111111000011111111111111111100001111111111000011111111111001111111111111111111100111111111110010111111111110011111111111111111111001111111111101101100111111100111111111111111111110011111110011011011000111111111111111111111111111111111111000110110110000000001111111111111111111111110000000001101101100000000011111111111111111111111100000000011011011000000001111111111111111111111111100000000110110111000000011111111111111111111111111000000011101111110000000000111111111111111111110000000000111111111100000000000000111111111111000000000000001111111111000000000000000011111111000000000000000011111111110000000000000000001111000000000000000000111111111100000000000000000000000000000000000000001111111110000000000000000000000000000000000000000001111111100000000000000000000000000000000000000000011111110000000000000000000000000000000000000000000011111100000000000000000000000000000000000000000000111111000000000000000000000000000000000000000000001111100000000000000000000000000000000000000000000001111000000000000000000000000000000000000000000000011110000000000000000000000000000000000000000000000111100000000000000000000000000000000000000000000001111000000000000000000000000000000000000000000000011110000000000000000000000000000000000000000000000111100000000000000000000000000000000000000000000001111000000000000000000000000000000000000000000000011111000000000000000000000000000000000000000000001111110000000000000000000000000000000000000000000011111100000000000000000000000000000000000000000000111111100000000000000000000000000000000000000000011111111000000000000000000000000000000000000000000111111111000000000000000000000000000000000000000011111111110000000000000000001111000000000000000000111111111100000000000000001111111100000000000000001111111111000000000000001111111111110000000000000011111111110000000000111111111111111111110000000000111111011100000001111111111111111111111111100000001110110110000000011111111111111111111111111000000001101101100000000011111111111111111111111100000000011011011000000000111111111111111111111111000000000110110110001111111111111111111111111111111111110001101101100111111100111111111111111111110011111110011011011111111111001111111111111111111100111111111110100111111111110011111111111111111111001111111111100001111111111000011111111111111111100001111111111000000000000000000001111111111111100000000000000000000000000000000000000011111111000000000000000000000,Plane Strain,25322336.6,2248384.22,4186873.5,0,0,743103.12,1e-09,,2240000000,0.49253731,"[24114936.471779   23849300.7314697  23045060.50578863 21688664.26374146
 19784936.37426054 17392608.11139185 14655161.31177653 11801813.89463818
  9101892.86672197  6788464.58391218  4995781.26179649  3744739.83358911
  2972112.1401043   2574895.66903251  2445887.4322573   2492895.50873983
  2644829.64473711  2850565.57589953  3075060.59072985  3295136.30820366
  3495902.65836976  3668046.78827976  3805903.65666442  3906140.4419519
  3966894.15138337  3987238.22618616  3966894.15138332  3906140.4419518
  3805903.65666427  3668046.78827957  3495902.65836953  3295136.30820341
  3075060.59072957  2850565.57589924  2644829.64473683  2492895.50873957
  2445887.43225708  2574895.66903235  2972112.14010422  3744739.83358913
  4995781.26179658  6788464.58391232  9101892.86672212 11801813.8946383
 14655161.31177658 17392608.11139185 19784936.37426048 21688664.26374139
 23045060.50578857 23849300.73146966 24114936.471779   23849300.7314697
 23045060.50578863 21688664.26374145 19784936.37426053 17392608.11139184
 14655161.31177651 11801813.89463818  9101892.86672196  6788464.58391217
  4995781.26179649  3744739.8335891   2972112.1401043   2574895.66903251
  2445887.4322573   2492895.50873984  2644829.64473712  2850565.57589953
  3075060.59072985  3295136.30820366  3495902.65836976  3668046.78827976
  3805903.65666442  3906140.4419519   3966894.15138337  3987238.22618616
  3966894.15138332  3906140.44195181  3805903.65666427  3668046.78827957
  3495902.65836953  3295136.3082034   3075060.59072957  2850565.57589924
  2644829.64473683  2492895.50873957  2445887.43225708  2574895.66903235
  2972112.14010422  3744739.83358913  4995781.2617966   6788464.58391233
  9101892.86672211 11801813.89463831 14655161.31177658 17392608.11139186
 19784936.37426049 21688664.26374139 23045060.50578857 23849300.73146966
 24114936.471779  ]","[0.08879055 0.09283141 0.1050388  0.12566646 0.15513389 0.19401699
 0.24302511 0.30295161 0.37457651 0.45848778 0.5547737  0.66252879
 0.77913039 0.899323   1.01435492 1.11177065 1.17679718 1.19602765
 1.16270181 1.08085733 0.96526187 0.83677072 0.71613415 0.6196975
 0.55811024 0.53700792 0.55811024 0.6196975  0.71613415 0.83677072
 0.96526187 1.08085733 1.16270181 1.19602765 1.17679718 1.11177065
 1.01435492 0.899323   0.77913039 0.66252879 0.5547737  0.45848778
 0.37457651 0.30295161 0.24302511 0.19401699 0.15513389 0.12566646
 0.1050388  0.09283141 0.08879055 0.09283141 0.1050388  0.12566646
 0.15513389 0.19401699 0.24302511 0.30295161 0.37457651 0.45848778
 0.5547737  0.66252879 0.77913039 0.899323   1.01435492 1.11177065
 1.17679718 1.19602765 1.16270181 1.08085733 0.96526187 0.83677072
 0.71613415 0.6196975  0.55811024 0.53700792 0.55811024 0.6196975
 0.71613415 0.83677072 0.96526187 1.08085733 1.16270181 1.19602765
 1.17679718 1.11177065 1.01435492 0.899323   0.77913039 0.66252879
 0.5547737  0.45848778 0.37457651 0.30295161 0.24302511 0.19401699
 0.15513389 0.12566646 0.1050388  0.09283141 0.08879055]"
33235,C2v,50,50,1111000000000000011111111111111110000000000000111111110000000000000111111111111111100000000000001111111100000000000001111111111111111000000000000011111111000000000000011111111111111110000000000000111111111000000000001111111111111111110000000000011111001111111111111111111111111111111111111111111111000001111111111111111111111111111111111111111111100000011111111111111111111111111111111111111111111000000111111111111111111111111111111111111111111110000000000000111111111111111111111111111111000000000000000000001111111111111111111111111111110000000000000000000011111111111111111111111111111100000000000000000000111111111111111111111111111111000000000000000000000111111111111111111111111111100000000000000000000001111111111111111111111111111000000000000000000000011111111111111111111111111110000000000000000000000111111111111111111111111111100000000000000000000001111111111111111111111111111000000000000000000000011111111111111111111111111110000000000000000000000111111111111111111111111111100000000000000000000001111111111111111111111111111000000000000000000000011111111111111111111111111110000000000000000000000111111111111111111111111111100000000000000000000001111111111111111111111111111000000000000000000000111111111111111111111111111111000000000000000000001111111111111111111111111111110000000000000000000001111111111111111111111111111000000000000000000000011111111111111111111111111110000000000000000000000111111111111111111111111111100000000000000000000001111111111111111111111111111000000000000000000000011111111111111111111111111110000000000000000000000111111111111111111111111111100000000000000000000001111111111111111111111111111000000000000000000000011111111111111111111111111110000000000000000000000111111111111111111111111111100000000000000000000001111111111111111111111111111000000000000000000000011111111111111111111111111110000000000000000000001111111111111111111111111111110000000000000000000011111111111111111111111111111100000000000000000000111111111111111111111111111111000000000000000000001111111111111111111111111111110000000000000111111111111111111111111111111111111111111110000001111111111111111111111111111111111111111111100000011111111111111111111111111111111111111111111000001111111111111111111111111111111111111111111111001111100000000000111111111111111111000000000001111111110000000000000111111111111111100000000000001111111100000000000001111111111111111000000000000011111111000000000000011111111111111110000000000000111111110000000000000111111111111111100000000000001111,Plane Strain,285113185.9,106114109.2,928622862.7,0,0,78177746.81,1e-09,,2240000000,0.49253731,"[2.72987484e+08 2.72121169e+08 2.69554270e+08 2.65387999e+08
 2.59808354e+08 2.53113206e+08 2.45752017e+08 2.38378588e+08
 2.31914620e+08 2.27616092e+08 2.27123759e+08 2.32463096e+08
 2.45940961e+08 2.69878564e+08 3.06146089e+08 3.55547875e+08
 4.17239530e+08 4.88460525e+08 5.64812204e+08 6.41059971e+08
 7.12142536e+08 7.73970687e+08 8.23765244e+08 8.59954356e+08
 8.81823331e+08 8.89129059e+08 8.81823331e+08 8.59954356e+08
 8.23765244e+08 7.73970687e+08 7.12142536e+08 6.41059971e+08
 5.64812204e+08 4.88460525e+08 4.17239530e+08 3.55547875e+08
 3.06146089e+08 2.69878564e+08 2.45940961e+08 2.32463096e+08
 2.27123759e+08 2.27616092e+08 2.31914620e+08 2.38378588e+08
 2.45752017e+08 2.53113206e+08 2.59808354e+08 2.65387999e+08
 2.69554270e+08 2.72121169e+08 2.72987484e+08 2.72121169e+08
 2.69554270e+08 2.65387999e+08 2.59808354e+08 2.53113206e+08
 2.45752017e+08 2.38378588e+08 2.31914620e+08 2.27616092e+08
 2.27123759e+08 2.32463096e+08 2.45940961e+08 2.69878564e+08
 3.06146089e+08 3.55547875e+08 4.17239530e+08 4.88460525e+08
 5.64812204e+08 6.41059971e+08 7.12142536e+08 7.73970687e+08
 8.23765244e+08 8.59954356e+08 8.81823331e+08 8.89129059e+08
 8.81823331e+08 8.59954356e+08 8.23765244e+08 7.73970687e+08
 7.12142536e+08 6.41059971e+08 5.64812204e+08 4.88460525e+08
 4.17239530e+08 3.55547875e+08 3.06146089e+08 2.69878564e+08
 2.45940961e+08 2.32463096e+08 2.27123759e+08 2.27616092e+08
 2.31914620e+08 2.38378588e+08 2.45752017e+08 2.53113206e+08
 2.59808354e+08 2.65387999e+08 2.69554270e+08 2.72121169e+08
 2.72987484e+08]","[0.3721824  0.3818946  0.41031498 0.45521251 0.5126541  0.57688977
 0.64057324 0.69555545 0.73426408 0.75130205 0.74461524 0.71569346
 0.66876556 0.60944761 0.54344094 0.47565975 0.40985674 0.34861891
 0.29355868 0.24556543 0.205041   0.17208897 0.14665335 0.12861398
 0.11784855 0.1142704  0.11784855 0.12861398 0.14665335 0.17208897
 0.205041   0.24556543 0.29355868 0.34861891 0.40985674 0.47565975
 0.54344094 0.60944761 0.66876556 0.71569346 0.74461524 0.75130205
 0.73426408 0.69555545 0.64057324 0.57688977 0.5126541  0.45521251
 0.41031498 0.3818946  0.3721824  0.3818946  0.41031498 0.45521251
 0.5126541  0.57688977 0.64057324 0.69555545 0.73426408 0.75130205
 0.74461524 0.71569346 0.66876556 0.60944761 0.54344094 0.47565975
 0.40985674 0.34861891 0.29355868 0.24556543 0.205041   0.17208897
 0.14665335 0.12861398 0.11784855 0.1142704  0.11784855 0.12861398
 0.14665335 0.17208897 0.205041   0.24556543 0.29355868 0.34861891
 0.40985674 0.47565975 0.54344094 0.60944761 0.66876556 0.71569346
 0.74461524 0.75130205 0.73426408 0.69555545 0.64057324 0.57688977
 0.5126541  0.45521251 0.41031498 0.3818946  0.3721824 ]"
46771,C2v,50,50,1111111111111111111111111111111111111111111111111111111111111111111111111111111111111111111111111111000000111111111111111111111111111111111111110000000000001111111111111111111111111111111111111100000000000011111111111111111111111111111111111111000000000000100111111111111111111111111111111110010000000000000001111111111111111111111111111111100000000000000000011111111111111111111111111111111000000000000000000011111111111111111111111111111100000000000000000000000111111111111111111111111000000000000000000000000001111111111111111111111110000000000000000000000000011111111111111111111111100000000000000000000000000111111111111111111111111000000000000000000000000001111111111111111111111110000000000000000000000000011111111111111111111111100000000000000000000000000111111111111111111111111000000000000000000000000001111111111111111111111110000000000000000000000000011111111111111111111111100000000000000000000111100111111111111111111111111001111000000000000001111001111111111111111111111110011110000000000000011110011111111111111111111111100111100000000000000111111111111111111111111111111111111000000000000001111111111111111111111111111111111110000000000000011111111111111111111111111111111111100000000000000111111111111111111111111111111111111000000000000001111111111111111111111111111111111110000000000000011111111111111111111111111111111111100000000000000111111111111111111111111111111111111000000000000001111111111111111111111111111111111110000000000000011110011111111111111111111111100111100000000000000111100111111111111111111111111001111000000000000001111001111111111111111111111110011110000000000000000000011111111111111111111111100000000000000000000000000111111111111111111111111000000000000000000000000001111111111111111111111110000000000000000000000000011111111111111111111111100000000000000000000000000111111111111111111111111000000000000000000000000001111111111111111111111110000000000000000000000000011111111111111111111111100000000000000000000000000111111111111111111111111000000000000000000000000001111111111111111111111110000000000000000000000011111111111111111111111111111100000000000000000001111111111111111111111111111111100000000000000000011111111111111111111111111111111000000000000000100111111111111111111111111111111110010000000000001111111111111111111111111111111111111100000000000011111111111111111111111111111111111111000000000000111111111111111111111111111111111111110000001111111111111111111111111111111111111111111111111111111111111111111111111111111111111111111111111111,Plane Strain,326523227.7,77405769.54,1025147275.0,0,0,28488733.32,1e-09,,2240000000,0.49253731,"[3.20678552e+08 3.18475683e+08 3.11867079e+08 3.00861116e+08
 2.85501425e+08 2.65917858e+08 2.42411097e+08 2.15584313e+08
 1.86536629e+08 1.57126400e+08 1.30285802e+08 1.10304002e+08
 1.02881647e+08 1.14627090e+08 1.51659776e+08 2.17361380e+08
 3.10138083e+08 4.22709282e+08 5.43861426e+08 6.61845507e+08
 7.67403527e+08 8.55026151e+08 9.22521565e+08 9.69794347e+08
 9.97624508e+08 1.00679742e+09 9.97624508e+08 9.69794347e+08
 9.22521565e+08 8.55026151e+08 7.67403527e+08 6.61845507e+08
 5.43861426e+08 4.22709282e+08 3.10138083e+08 2.17361380e+08
 1.51659776e+08 1.14627090e+08 1.02881647e+08 1.10304002e+08
 1.30285802e+08 1.57126400e+08 1.86536629e+08 2.15584313e+08
 2.42411097e+08 2.65917858e+08 2.85501425e+08 3.00861116e+08
 3.11867079e+08 3.18475683e+08 3.20678552e+08 3.18475683e+08
 3.11867079e+08 3.00861116e+08 2.85501425e+08 2.65917858e+08
 2.42411097e+08 2.15584313e+08 1.86536629e+08 1.57126400e+08
 1.30285802e+08 1.10304002e+08 1.02881647e+08 1.14627090e+08
 1.51659776e+08 2.17361380e+08 3.10138083e+08 4.22709282e+08
 5.43861426e+08 6.61845507e+08 7.67403527e+08 8.55026151e+08
 9.22521565e+08 9.69794347e+08 9.97624508e+08 1.00679742e+09
 9.97624508e+08 9.69794347e+08 9.22521565e+08 8.55026151e+08
 7.67403527e+08 6.61845507e+08 5.43861426e+08 4.22709282e+08
 3.10138083e+08 2.17361380e+08 1.51659776e+08 1.14627090e+08
 1.02881647e+08 1.10304002e+08 1.30285802e+08 1.57126400e+08
 1.86536629e+08 2.15584313e+08 2.42411097e+08 2.65917858e+08
 2.85501425e+08 3.00861116e+08 3.11867079e+08 3.18475683e+08
 3.20678552e+08]","[0.23706053 0.25123745 0.29352484 0.36293226 0.45695062 0.57036357
 0.69400437 0.81427592 0.91455514 0.97902697 0.99771473 0.96982976
 0.90324163 0.81068958 0.705369   0.59802742 0.49600804 0.40358241
 0.32277545 0.25418978 0.1976403  0.15258019 0.11836277 0.0943919
 0.08020354 0.07550697 0.08020354 0.0943919  0.11836277 0.15258019
 0.1976403  0.25418978 0.32277545 0.40358241 0.49600804 0.59802742
 0.705369   0.81068958 0.90324163 0.96982976 0.99771473 0.97902697
 0.91455514 0.81427592 0.69400437 0.57036357 0.45695062 0.36293226
 0.29352484 0.25123745 0.23706053 0.25123745 0.29352484 0.36293226
 0.45695062 0.57036357 0.69400437 0.81427592 0.91455514 0.97902697
 0.99771473 0.96982976 0.90324163 0.81068958 0.705369   0.59802742
 0.49600804 0.40358241 0.32277545 0.25418978 0.1976403  0.15258019
 0.11836277 0.0943919  0.08020354 0.07550697 0.08020354 0.0943919
 0.11836277 0.15258019 0.1976403  0.25418978 0.32277545 0.40358241
 0.49600804 0.59802742 0.705369   0.81068958 0.90324163 0.96982976
 0.99771473 0.97902697 0.91455514 0.81427592 0.69400437 0.57036357
 0.45695062 0.36293226 0.29352484 0.25123745 0.23706053]"
58249,C2v,50,50,1111111111111111111000000000000111111111111111111111111111111111111110000000000001111111111111111111111111111111111111110000000000111111111111111111111111111111111111111111111111111111111111111111111111111111111111111111111111111111111111111111111111111111111111111111111111111111111111111111111111111111111111111111111111111111111111111111111111111111111111111111111111111111111111111111111111111111111111111111111111111111111111111111111111111111111111111111111111111111111111111111111111111111111111111111111111111111111111111111111111111111111111111111111111111111111111111111111111111111111111111111111111111111111111111111111111111111111111111111111111111111111111111111111111111111111111111111111111111111111111111111111111111111111111111111111111111111111111111111111111111111111111111111111111111111111111111111111111111111111111111111111111111111111111111111111111111111111111111111111111111111111111111111111111111111111111111111111111111111111111111111111111111111111111111111111111111111111111111111111111111111001111111111111111111111111111111111111111111111110011111111111111111111111111111111111111111111111100111111111111111111111111111111111111111111111111001111111111111111111111111111111111111111111110000000011111111111111111111111111111111111111111100000000111111111111111111111111111111111111111111111001111111111111111111111111111111111111111111111110011111111111111111111111111111111111111111111111100111111111111111111111111111111111111111111111111001111111111111111111111111111111111111111111111111111111111111111111111111111111111111111111111111111111111111111111111111111111111111111111111111111111111111111111111111111111111111111111111111111111111111111111111111111111111111111111111111111111111111111111111111111111111111111111111111111111111111111111111111111111111111111111111111111111111111111111111111111111111111111111111111111111111111111111111111111111111111111111111111111111111111111111111111111111111111111111111111111111111111111111111111111111111111111111111111111111111111111111111111111111111111111111111111111111111111111111111111111111111111111111111111111111111111111111111111111111111111111111111111111111111111111111111111111111111111111111111111111111111111111111111111111111111111111111111111111111111111111111111111111111111111111111111111111111111111111111111111111111111111111111111111111111111111111111111111111110000000000111111111111111111111111111111111111111000000000000111111111111111111111111111111111111110000000000001111111111111111111,Plane Strain,1939814856.0,607508636.1,1906168695.0,0,0,631780995.9,1e-09,,2240000000,0.49253731,"[1.74619781e+09 1.74536935e+09 1.74292890e+09 1.73900902e+09
 1.73382283e+09 1.72765257e+09 1.72083405e+09 1.71373740e+09
 1.70674527e+09 1.70022948e+09 1.69452766e+09 1.68992171e+09
 1.68661961e+09 1.68474243e+09 1.68431737e+09 1.68527774e+09
 1.68746967e+09 1.69066474e+09 1.69457759e+09 1.69888661e+09
 1.70325620e+09 1.70735887e+09 1.71089590e+09 1.71361525e+09
 1.71532620e+09 1.71590995e+09 1.71532620e+09 1.71361525e+09
 1.71089590e+09 1.70735887e+09 1.70325620e+09 1.69888661e+09
 1.69457759e+09 1.69066474e+09 1.68746967e+09 1.68527774e+09
 1.68431737e+09 1.68474243e+09 1.68661961e+09 1.68992171e+09
 1.69452766e+09 1.70022948e+09 1.70674527e+09 1.71373740e+09
 1.72083405e+09 1.72765257e+09 1.73382283e+09 1.73900902e+09
 1.74292890e+09 1.74536935e+09 1.74619781e+09 1.74536935e+09
 1.74292890e+09 1.73900902e+09 1.73382283e+09 1.72765257e+09
 1.72083405e+09 1.71373740e+09 1.70674527e+09 1.70022948e+09
 1.69452766e+09 1.68992171e+09 1.68661961e+09 1.68474243e+09
 1.68431737e+09 1.68527774e+09 1.68746967e+09 1.69066474e+09
 1.69457759e+09 1.69888661e+09 1.70325620e+09 1.70735887e+09
 1.71089590e+09 1.71361525e+09 1.71532620e+09 1.71590995e+09
 1.71532620e+09 1.71361525e+09 1.71089590e+09 1.70735887e+09
 1.70325620e+09 1.69888661e+09 1.69457759e+09 1.69066474e+09
 1.68746967e+09 1.68527774e+09 1.68431737e+09 1.68474243e+09
 1.68661961e+09 1.68992171e+09 1.69452766e+09 1.70022948e+09
 1.70674527e+09 1.71373740e+09 1.72083405e+09 1.72765257e+09
 1.73382283e+09 1.73900902e+09 1.74292890e+09 1.74536935e+09
 1.74619781e+09]","[0.31317867 0.31347623 0.3143522  0.31575724 0.31761191 0.31981081
 0.32222822 0.32472518 0.32715756 0.32938484 0.33127908 0.33273333
 0.33366886 0.33404064 0.33384046 0.33309736 0.33187548 0.33026927
 0.3283967  0.326391   0.32439158 0.32253487 0.3209457  0.31972961
 0.31896663 0.31870665 0.31896663 0.31972961 0.3209457  0.32253487
 0.32439158 0.326391   0.3283967  0.33026927 0.33187548 0.33309736
 0.33384046 0.33404064 0.33366886 0.33273333 0.33127908 0.32938484
 0.32715756 0.32472518 0.32222822 0.31981081 0.31761191 0.31575724
 0.3143522  0.31347623 0.31317867 0.31347623 0.3143522  0.31575724
 0.31761191 0.31981081 0.32222822 0.32472518 0.32715756 0.32938484
 0.33127908 0.33273333 0.33366886 0.33404064 0.33384046 0.33309736
 0.33187548 0.33026927 0.3283967  0.326391   0.32439158 0.32253487
 0.3209457  0.31972961 0.31896663 0.31870665 0.31896663 0.31972961
 0.3209457  0.32253487 0.32439158 0.326391   0.3283967  0.33026927
 0.33187548 0.33309736 0.33384046 0.33404064 0.33366886 0.33273333
 0.33127908 0.32938484 0.32715756 0.32472518 0.32222822 0.31981081
 0.31761191 0.31575724 0.3143522  0.31347623 0.31317867]"
69401,C2v,50,50,0000000011111111111111111111111111111111110000000000000000111111111111111111111111111111111100000000000000001111111111111111111111111111111111000000000000000011111111111111111111111111111111110000000011110001111111111111111111111111111111111110001111111111111111111111111111111111111111111111111111110000111111111111111111111111111111111111111111000000001111111111111111111111111111111111111111110000000011111111111111111111111111111111111111111100000000011111111111111111111111111111111111111110000000000111111111111111111111111111111111111111100000000001111111111111111111111111111111111111111000000000000000111111111111111111111111111111000000000000000000001111111111111111111111111111110000000000000000000011111111111111111111111111111100000000000000000000111111111111111111111111111111000000000000000000001111111111111111111111111111110000000000000000000011111111111111111111111111111100000000000000000000111111111111111111111111111111000000000000000000001111111111111111111111111111110000000000000000000011111111111111111111111111111100000000000000011111111111111111111111111111111111111110000000000111111111111111111111111111111111111111100000000001111111111111111111111111111111111111111000000000111111111111111111111111111111111111111111000000001111111111111111111111111111111111111111110000000001111111111111111111111111111111111111111000000000011111111111111111111111111111111111111110000000000111111111111111111111111111111111111111100000000000000011111111111111111111111111111100000000000000000000111111111111111111111111111111000000000000000000001111111111111111111111111111110000000000000000000011111111111111111111111111111100000000000000000000111111111111111111111111111111000000000000000000001111111111111111111111111111110000000000000000000011111111111111111111111111111100000000000000000000111111111111111111111111111111000000000000000000001111111111111111111111111111110000000000000001111111111111111111111111111111111111111000000000011111111111111111111111111111111111111110000000000111111111111111111111111111111111111111100000000011111111111111111111111111111111111111111100000000111111111111111111111111111111111111111111000000001111111111111111111111111111111111111111110000111111111111111111111111111111111111111111111111111111000111111111111111111111111111111111111000111100000000111111111111111111111111111111111100000000000000001111111111111111111111111111111111000000000000000011111111111111111111111111111111110000000000000000111111111111111111111111111111111100000000,Plane Strain,262762153.3,68717459.4,1278563047.0,0,0,11425521.35,1e-09,,2240000000,0.49253731,"[2.59068875e+08 2.57112933e+08 2.51236041e+08 2.41416771e+08
 2.27640192e+08 2.09934735e+08 1.88436262e+08 1.63494198e+08
 1.35841430e+08 1.06855572e+08 7.89366221e+07 5.59959647e+07
 4.39565569e+07 5.09558725e+07 8.66352677e+07 1.59755378e+08
 2.74050921e+08 4.24146177e+08 5.95004209e+08 7.66684391e+08
 9.21516758e+08 1.04874890e+09 1.14473307e+09 1.21037411e+09
 1.24824929e+09 1.26059208e+09 1.24824929e+09 1.21037411e+09
 1.14473307e+09 1.04874890e+09 9.21516758e+08 7.66684391e+08
 5.95004209e+08 4.24146177e+08 2.74050921e+08 1.59755378e+08
 8.66352677e+07 5.09558725e+07 4.39565569e+07 5.59959647e+07
 7.89366221e+07 1.06855572e+08 1.35841430e+08 1.63494198e+08
 1.88436262e+08 2.09934735e+08 2.27640192e+08 2.41416771e+08
 2.51236041e+08 2.57112933e+08 2.59068875e+08 2.57112933e+08
 2.51236041e+08 2.41416771e+08 2.27640192e+08 2.09934735e+08
 1.88436262e+08 1.63494198e+08 1.35841430e+08 1.06855572e+08
 7.89366221e+07 5.59959647e+07 4.39565569e+07 5.09558725e+07
 8.66352677e+07 1.59755378e+08 2.74050921e+08 4.24146177e+08
 5.95004209e+08 7.66684391e+08 9.21516758e+08 1.04874890e+09
 1.14473307e+09 1.21037411e+09 1.24824929e+09 1.26059208e+09
 1.24824929e+09 1.21037411e+09 1.14473307e+09 1.04874890e+09
 9.21516758e+08 7.66684391e+08 5.95004209e+08 4.24146177e+08
 2.74050921e+08 1.59755378e+08 8.66352677e+07 5.09558725e+07
 4.39565569e+07 5.59959647e+07 7.89366221e+07 1.06855572e+08
 1.35841430e+08 1.63494198e+08 1.88436262e+08 2.09934735e+08
 2.27640192e+08 2.41416771e+08 2.51236041e+08 2.57112933e+08
 2.59068875e+08]","[0.26151962 0.2832508  0.34812076 0.45453528 0.59778244 0.76727833
 0.94415825 1.10180058 1.21181257 1.25429194 1.22587565 1.13935177
 1.0158848  0.87634252 0.73641027 0.60571659 0.4890627  0.38810759
 0.3027508  0.23205592 0.17479701 0.12975395 0.09585854 0.07225905
 0.05834367 0.05374585 0.05834367 0.07225905 0.09585854 0.12975395
 0.17479701 0.23205592 0.3027508  0.38810759 0.4890627  0.60571659
 0.73641027 0.87634252 1.0158848  1.13935177 1.22587565 1.25429194
 1.21181257 1.10180058 0.94415825 0.76727833 0.59778244 0.45453528
 0.34812076 0.2832508  0.26151962 0.2832508  0.34812076 0.45453528
 0.59778244 0.76727833 0.94415825 1.10180058 1.21181257 1.25429194
 1.22587565 1.13935177 1.0158848  0.87634252 0.73641027 0.60571659
 0.4890627  0.38810759 0.3027508  0.23205592 0.17479701 0.12975395
 0.09585854 0.07225905 0.05834367 0.05374585 0.05834367 0.07225905
 0.09585854 0.12975395 0.17479701 0.23205592 0.3027508  0.38810759
 0.4890627  0.60571659 0.73641027 0.87634252 1.0158848  1.13935177
 1.22587565 1.25429194 1.21181257 1.10180058 0.94415825 0.76727833
 0.59778244 0.45453528 0.34812076 0.2832508  0.26151962]"
51653,C2v,50,50,0000000000001111111111111111111111111100000000000000000000000011111111111111111111111111000000000000000000000000111111111111111111111111110000000000000000000000001111111111111111111111111100000000000000000010000111111111111111111111111111100001000000000001111111111111111111111111111111111111111000000000011111111111111111111111111111111111111110000000000111111111111111111111111111111111111111100000111111111111111111111111111111111111111111111111111111111111111111111111111111111111111111111111111111111111111111111111111111111111111111111111111111111111111111111111111111111111111111111111111111110111111111111111111111111111111111111111111111111001111111111111111111111111111111111111111111111110001111111111111111111111111111111111111111111111000011111111111111111111111111111111111111111111110000011111111111111111111111111111111111111111111000000111111111111111111111111111111111111111111110000001111111111111111111111111111111111111111111100000000000011111111111111111111111111111111000000000000000000111111111111111111111111111111110000000000000000001111111111111111111111111111111100000000000000000011111111111111111111111111111111000000000000000000111111111111111111111111111111110000000000000000001111111111111111111111111111111100000000000000000011111111111111111111111111111111000000000000000000111111111111111111111111111111110000000000000000001111111111111111111111111111111100000000000000000011111111111111111111111111111111000000000000000000111111111111111111111111111111110000000000000000001111111111111111111111111111111100000000000011111111111111111111111111111111111111111111000000111111111111111111111111111111111111111111110000001111111111111111111111111111111111111111111100000111111111111111111111111111111111111111111111100001111111111111111111111111111111111111111111111000111111111111111111111111111111111111111111111111001111111111111111111111111111111111111111111111110111111111111111111111111111111111111111111111111111111111111111111111111111111111111111111111111111111111111111111111111111111111111111111111111111111111111111111111111111111111111111111111111111111110000011111111111111111111111111111111111111110000000000111111111111111111111111111111111111111100000000001111111111111111111111111111111111111111000000000001000011111111111111111111111111110000100000000000000000011111111111111111111111111000000000000000000000000111111111111111111111111110000000000000000000000001111111111111111111111111100000000000000000000000011111111111111111111111111000000000000,Plane Strain,787582795.5,184101299.2,1239846799.0,0,0,184855412.7,1e-09,,2240000000,0.49253731,"[7.60246121e+08 7.57209609e+08 7.48186926e+08 7.33452394e+08
 7.13508783e+08 6.89153791e+08 6.61566703e+08 6.32402441e+08
 6.03867887e+08 5.78739068e+08 5.60263278e+08 5.51890093e+08
 5.56807031e+08 5.77329728e+08 6.14295154e+08 6.66672985e+08
 7.31577096e+08 8.04711912e+08 8.81104089e+08 9.55865628e+08
 1.02476665e+09 1.08451993e+09 1.13280467e+09 1.16812513e+09
 1.18960750e+09 1.19681223e+09 1.18960750e+09 1.16812513e+09
 1.13280467e+09 1.08451993e+09 1.02476665e+09 9.55865628e+08
 8.81104089e+08 8.04711912e+08 7.31577096e+08 6.66672985e+08
 6.14295154e+08 5.77329728e+08 5.56807031e+08 5.51890093e+08
 5.60263278e+08 5.78739068e+08 6.03867887e+08 6.32402441e+08
 6.61566703e+08 6.89153791e+08 7.13508783e+08 7.33452394e+08
 7.48186926e+08 7.57209609e+08 7.60246121e+08 7.57209609e+08
 7.48186926e+08 7.33452394e+08 7.13508783e+08 6.89153791e+08
 6.61566703e+08 6.32402441e+08 6.03867887e+08 5.78739068e+08
 5.60263278e+08 5.51890093e+08 5.56807031e+08 5.77329728e+08
 6.14295154e+08 6.66672985e+08 7.31577096e+08 8.04711912e+08
 8.81104089e+08 9.55865628e+08 1.02476665e+09 1.08451993e+09
 1.13280467e+09 1.16812513e+09 1.18960750e+09 1.19681223e+09
 1.18960750e+09 1.16812513e+09 1.13280467e+09 1.08451993e+09
 1.02476665e+09 9.55865628e+08 8.81104089e+08 8.04711912e+08
 7.31577096e+08 6.66672985e+08 6.14295154e+08 5.77329728e+08
 5.56807031e+08 5.51890093e+08 5.60263278e+08 5.78739068e+08
 6.03867887e+08 6.32402441e+08 6.61566703e+08 6.89153791e+08
 7.13508783e+08 7.33452394e+08 7.48186926e+08 7.57209609e+08
 7.60246121e+08]","[0.23375485 0.23889606 0.25410866 0.27872997 0.3115646  0.3507775
 0.39380857 0.43737808 0.47765985 0.51067097 0.53285023 0.54169159
 0.53622518 0.51716365 0.48666218 0.44780038 0.40398373 0.35844312
 0.31392314 0.2725599  0.23589726 0.20497925 0.18046815 0.1627572
 0.15206225 0.14848714 0.15206225 0.1627572  0.18046815 0.20497925
 0.23589726 0.2725599  0.31392314 0.35844312 0.40398373 0.44780038
 0.48666218 0.51716365 0.53622518 0.54169159 0.53285023 0.51067097
 0.47765985 0.43737808 0.39380857 0.3507775  0.3115646  0.27872997
 0.25410866 0.23889606 0.23375485 0.23889606 0.25410866 0.27872997
 0.3115646  0.3507775  0.39380857 0.43737808 0.47765985 0.51067097
 0.53285023 0.54169159 0.53622518 0.51716365 0.48666218 0.44780038
 0.40398373 0.35844312 0.31392314 0.2725599  0.23589726 0.20497925
 0.18046815 0.1627572  0.15206225 0.14848714 0.15206225 0.1627572
 0.18046815 0.20497925 0.23589726 0.2725599  0.31392314 0.35844312
 0.40398373 0.44780038 0.48666218 0.51716365 0.53622518 0.54169159
 0.53285023 0.51067097 0.47765985 0.43737808 0.39380857 0.3507775
 0.3115646  0.27872997 0.25410866 0.23889606 0.23375485]"
50849,C2v,50,50,0011111100000000000000000000000000000000001111110000111111000000000000000000000000000000000011111100111111111100000000110000000000110000000011111111111111111111000000001100000000001100000000111111111111111111111111111111000000000011111111111111111111111111111111111111110000000000111111111111111111111111111111111111111100000000001111111111111111111111111111111111111110000000000001111111111111111111001111111111111111100000000000011111111111111111000011111111111111111000000000000111111111111111110000111111111111111110000000000001111111111111111100001111111111111111100111111110011111111111111111000011111111111111111001111111100111111111111111110011111111111111111111111111111111111111111111111111111111111111111111111111111111111111111111111111111111111111111111111111111111111111111111111111111111111111111111111111111111111111111111111111111111001111111111111111111111111111111111111111111111000011111111111111111111111111111111111111111111110000111111111111111111111111111111111111111111111100001111111111111111111111111111111111111111111111000000000011111111111111111111111111111111110000000000000000111111111111111111111111111111111100000000000000001111111111111111111111111111111111000000000000000011111111111111111111111111111111110000000000000000111111111111111111111111111111111100000000000000001111111111111111111111111111111111000000000000000011111111111111111111111111111111110000000000000000111111111111111111111111111111111100000000001111111111111111111111111111111111111111111111000011111111111111111111111111111111111111111111110000111111111111111111111111111111111111111111111100001111111111111111111111111111111111111111111111001111111111111111111111111111111111111111111111111111111111111111111111111111111111111111111111111111111111111111111111111111111111111111111111111111111111111111111111111111111111111111111111111111111100111111111111111110011111111001111111111111111100001111111111111111100111111110011111111111111111000011111111111111111000000000000111111111111111110000111111111111111110000000000001111111111111111100001111111111111111100000000000011111111111111111001111111111111111111000000000000111111111111111111111111111111111111111000000000011111111111111111111111111111111111111110000000000111111111111111111111111111111111111111100000000001111111111111111111111111111110000000011000000000011000000001111111111111111111100000000110000000000110000000011111111110011111100000000000000000000000000000000001111110000111111000000000000000000000000000000000011111100,Plane Strain,845160247.8,327603175.5,672204343.3,0,0,268449798.5,1e-09,,2240000000,0.49253731,"[6.85500701e+08 6.86815773e+08 6.90611744e+08 6.96461557e+08
 7.03717372e+08 7.11590978e+08 7.19241221e+08 7.25853881e+08
 7.30704603e+08 7.33201578e+08 7.32909530e+08 7.29559325e+08
 7.23048193e+08 7.13434869e+08 7.00932429e+08 6.85900000e+08
 6.68832988e+08 6.50350373e+08 6.31176900e+08 6.12117998e+08
 5.94025777e+08 5.77755810e+08 5.64116263e+08 5.53813075e+08
 5.47396825e+08 5.45217963e+08 5.47396825e+08 5.53813075e+08
 5.64116263e+08 5.77755810e+08 5.94025777e+08 6.12117998e+08
 6.31176900e+08 6.50350373e+08 6.68832988e+08 6.85900000e+08
 7.00932429e+08 7.13434869e+08 7.23048193e+08 7.29559325e+08
 7.32909530e+08 7.33201578e+08 7.30704603e+08 7.25853881e+08
 7.19241221e+08 7.11590978e+08 7.03717372e+08 6.96461557e+08
 6.90611744e+08 6.86815773e+08 6.85500701e+08 6.86815773e+08
 6.90611744e+08 6.96461557e+08 7.03717372e+08 7.11590978e+08
 7.19241221e+08 7.25853881e+08 7.30704603e+08 7.33201578e+08
 7.32909530e+08 7.29559325e+08 7.23048193e+08 7.13434869e+08
 7.00932429e+08 6.85900000e+08 6.68832988e+08 6.50350373e+08
 6.31176900e+08 6.12117998e+08 5.94025777e+08 5.77755810e+08
 5.64116263e+08 5.53813075e+08 5.47396825e+08 5.45217963e+08
 5.47396825e+08 5.53813075e+08 5.64116263e+08 5.77755810e+08
 5.94025777e+08 6.12117998e+08 6.31176900e+08 6.50350373e+08
 6.68832988e+08 6.85900000e+08 7.00932429e+08 7.13434869e+08
 7.23048193e+08 7.29559325e+08 7.32909530e+08 7.33201578e+08
 7.30704603e+08 7.25853881e+08 7.19241221e+08 7.11590978e+08
 7.03717372e+08 6.96461557e+08 6.90611744e+08 6.86815773e+08
 6.85500701e+08]","[0.38762256 0.38657089 0.38349868 0.37864711 0.37239555 0.36523108
 0.3577123  0.35043143 0.34397854 0.3389101  0.33572275 0.33483183
 0.33655345 0.34108841 0.34850676 0.35873218 0.37152686 0.38647891
 0.4029964  0.42031346 0.43751492 0.45358473 0.46748015 0.47822759
 0.48502836 0.48735653 0.48502836 0.47822759 0.46748015 0.45358473
 0.43751492 0.42031346 0.4029964  0.38647891 0.37152686 0.35873218
 0.34850676 0.34108841 0.33655345 0.33483183 0.33572275 0.3389101
 0.34397854 0.35043143 0.3577123  0.36523108 0.37239555 0.37864711
 0.38349868 0.38657089 0.38762256 0.38657089 0.38349868 0.37864711
 0.37239555 0.36523108 0.3577123  0.35043143 0.34397854 0.3389101
 0.33572275 0.33483183 0.33655345 0.34108841 0.34850676 0.35873218
 0.37152686 0.38647891 0.4029964  0.42031346 0.43751492 0.45358473
 0.46748015 0.47822759 0.48502836 0.48735653 0.48502836 0.47822759
 0.46748015 0.45358473 0.43751492 0.42031346 0.4029964  0.38647891
 0.37152686 0.35873218 0.34850676 0.34108841 0.33655345 0.33483183
 0.33572275 0.3389101  0.34397854 0.35043143 0.3577123  0.36523108
 0.37239555 0.37864711 0.38349868 0.38657089 0.38762256]"
39547,C2v,50,50,1111111111111111111111111111111111111111111111111111111111111111111111111111111111111111111111111111111111111111111111111111111111111111111111111111111111111111111111111111111111111111111111111111111111111111111111111111111111111111111111111111111111111111111111111111111111111111111111111111111111111111111111111111111111111111111111111111111111111111111111111111111111111111111111111111111111111111111111111111111111111111111111111111111111111111111111111111111111111111111111111111111111111111111111111111111111111111111111111111111111111111111111111111111111111111111111111111111111111111111111110000000000011111111111111111111111111110000000000000000000000111111111111111111111111111100000000000000000000001111111111111111111111111111000000000000000000000011111111111111111111111111110000000000000000000000011111111111111111111111111000000000000000000000000011111111111111111111111100000000000000000000000000111111111111111111111111000000000000000000000000001111111111111111111111110000000000000000000000000011111111111111111111111100000000000000000000000000111111111111111111111111000000000000000000000000001111111111111111111111110000000000000000000000000011111111111111111111111100000000000000000000000000111111111111111111111111000000000000000000000000001111111111111111111111110000000000000000000000000011111111111111111111111100000000000000000000000000111111111111111111111111000000000000000000000000001111111111111111111111110000000000000000000000000011111111111111111111111100000000000000000000000000111111111111111111111111000000000000000000000000001111111111111111111111110000000000000000000000000011111111111111111111111100000000000000000000000001111111111111111111111111100000000000000000000000111111111111111111111111111100000000000000000000001111111111111111111111111111000000000000000000000011111111111111111111111111110000000000000000000000111111111111111111111111111100000000000111111111111111111111111111111111111111111111111111111111111111111111111111111111111111111111111111111111111111111111111111111111111111111111111111111111111111111111111111111111111111111111111111111111111111111111111111111111111111111111111111111111111111111111111111111111111111111111111111111111111111111111111111111111111111111111111111111111111111111111111111111111111111111111111111111111111111111111111111111111111111111111111111111111111111111111111111111111111111111111111111111111111111111111111111111111111111111111111111111111111111111111111111111111111111111111111111111111111111111111111,Plane Strain,1118913603.0,261397156.0,1153848374.0,0,0,222020613.7,1e-09,,2240000000,0.49253731,"[1.05969571e+09 1.05471917e+09 1.03993034e+09 1.01577144e+09
 9.83043187e+08 9.42990341e+08 8.97397704e+08 8.48665621e+08
 7.99819941e+08 7.54403378e+08 7.16205059e+08 6.88823781e+08
 6.75126805e+08 6.76735364e+08 6.93697446e+08 7.24464700e+08
 7.66183918e+08 8.15200668e+08 8.67614645e+08 9.19744396e+08
 9.68425934e+08 1.01114086e+09 1.04601490e+09 1.07174230e+09
 1.08748508e+09 1.09278157e+09 1.08748508e+09 1.07174230e+09
 1.04601490e+09 1.01114086e+09 9.68425934e+08 9.19744396e+08
 8.67614645e+08 8.15200668e+08 7.66183918e+08 7.24464700e+08
 6.93697446e+08 6.76735364e+08 6.75126805e+08 6.88823781e+08
 7.16205059e+08 7.54403378e+08 7.99819941e+08 8.48665621e+08
 8.97397704e+08 9.42990341e+08 9.83043187e+08 1.01577144e+09
 1.03993034e+09 1.05471917e+09 1.05969571e+09 1.05471917e+09
 1.03993034e+09 1.01577144e+09 9.83043187e+08 9.42990341e+08
 8.97397704e+08 8.48665621e+08 7.99819941e+08 7.54403378e+08
 7.16205059e+08 6.88823781e+08 6.75126805e+08 6.76735364e+08
 6.93697446e+08 7.24464700e+08 7.66183918e+08 8.15200668e+08
 8.67614645e+08 9.19744396e+08 9.68425934e+08 1.01114086e+09
 1.04601490e+09 1.07174230e+09 1.08748508e+09 1.09278157e+09
 1.08748508e+09 1.07174230e+09 1.04601490e+09 1.01114086e+09
 9.68425934e+08 9.19744396e+08 8.67614645e+08 8.15200668e+08
 7.66183918e+08 7.24464700e+08 6.93697446e+08 6.76735364e+08
 6.75126805e+08 6.88823781e+08 7.16205059e+08 7.54403378e+08
 7.99819941e+08 8.48665621e+08 8.97397704e+08 9.42990341e+08
 9.83043187e+08 1.01577144e+09 1.03993034e+09 1.05471917e+09
 1.05969571e+09]","[0.23361693 0.23733064 0.24836303 0.26637282 0.29074315 0.32051796
 0.35433285 0.39036524 0.42633896 0.45962215 0.48744664 0.50724359
 0.5170396  0.51581063 0.50367988 0.48188925 0.45255519 0.41829505
 0.38183952 0.34572375 0.31209959 0.28266395 0.25867118 0.240991
 0.23017987 0.22654377 0.23017987 0.240991   0.25867118 0.28266395
 0.31209959 0.34572375 0.38183952 0.41829505 0.45255519 0.48188925
 0.50367988 0.51581063 0.5170396  0.50724359 0.48744664 0.45962215
 0.42633896 0.39036524 0.35433285 0.32051796 0.29074315 0.26637282
 0.24836303 0.23733064 0.23361693 0.23733064 0.24836303 0.26637282
 0.29074315 0.32051796 0.35433285 0.39036524 0.42633896 0.45962215
 0.48744664 0.50724359 0.5170396  0.51581063 0.50367988 0.48188925
 0.45255519 0.41829505 0.38183952 0.34572375 0.31209959 0.28266395
 0.25867118 0.240991   0.23017987 0.22654377 0.23017987 0.240991
 0.25867118 0.28266395 0.31209959 0.34572375 0.38183952 0.41829505
 0.45255519 0.48188925 0.50367988 0.51581063 0.5170396  0.50724359
 0.48744664 0.45962215 0.42633896 0.39036524 0.35433285 0.32051796
 0.29074315 0.26637282 0.24836303 0.23733064 0.23361693]"
18454,C2v,50,50,1111111111111110000000000000000000011111111111111111111111111111111111111111111111111111111111111111111111111111111111111111111111111111111111111111111111111111111111111111111111111111111111111111111100000111111111111111111111111111111111111111100000000001111111111111111111111111111111111111111000000000011111111111111000000000000111111111111110000000000111111111111110000000000001111111111111100000000001111111111111100000000000011111111111111000000000011111111000000000000000000000000111111110000000000111111111100000000000000000000111111111100000000001111111111000000000000000000001111111111000000000110000011110000000000000000000011110000011000000001100000111100000000000000000000111100000110000000011000001111000000000000000000001111000001100000000110000011111111000000000000111111110000011000000000000000111111110000000000001111111100000000000000000000001111000000000000000000001111000000000000000000011111110000000000000000000011111110000000000000000111111100000000000000000000111111100000000000000001111111000000000000000000001111111000000000000000011111110000000000000000000011111110000000011111111111111100000000000000000000111111111111111111111111111111000000000000000000001111111111111111111111111111110000000000000000000011111111111111111111111111111100000000000000000000111111111111111111111111111111000000000000000000001111111111111111111111111111110000000000000000000011111111111111100000000111111100000000000000000000111111100000000000000001111111000000000000000000001111111000000000000000011111110000000000000000000011111110000000000000000111111100000000000000000000111111100000000000000000001111000000000000000000001111000000000000000000000011111111000000000000111111110000000000000001100000111111110000000000001111111100000110000000011000001111000000000000000000001111000001100000000110000011110000000000000000000011110000011000000001100000111100000000000000000000111100000110000000001111111111000000000000000000001111111111000000000011111111110000000000000000000011111111110000000000111111110000000000000000000000001111111100000000001111111111111100000000000011111111111111000000000011111111111111000000000000111111111111110000000000111111111111110000000000001111111111111100000000001111111111111111111111111111111111111111000000000011111111111111111111111111111111111111110000011111111111111111111111111111111111111111111111111111111111111111111111111111111111111111111111111111111111111111111111111111111111111111111111111111111111111111111100000000000000000000111111111111111,Plane Strain,424887591.3,21672219.95,335286185.8,0,0,20082184.26,1e-09,,2240000000,0.49253731,"[4.23486743e+08 4.20280870e+08 4.10600343e+08 3.94278068e+08
 3.71114305e+08 3.41016848e+08 3.04234658e+08 2.61697360e+08
 2.15419779e+08 1.68817826e+08 1.26642716e+08 9.42238394e+07
 7.60256631e+07 7.41195790e+07 8.74903828e+07 1.12616658e+08
 1.44865263e+08 1.79836246e+08 2.14122889e+08 2.45474022e+08
 2.72607698e+08 2.94916324e+08 3.12196952e+08 3.24451422e+08
 3.31755419e+08 3.34180752e+08 3.31755419e+08 3.24451422e+08
 3.12196952e+08 2.94916324e+08 2.72607698e+08 2.45474022e+08
 2.14122889e+08 1.79836246e+08 1.44865263e+08 1.12616658e+08
 8.74903828e+07 7.41195790e+07 7.60256631e+07 9.42238394e+07
 1.26642716e+08 1.68817826e+08 2.15419779e+08 2.61697360e+08
 3.04234658e+08 3.41016848e+08 3.71114305e+08 3.94278068e+08
 4.10600343e+08 4.20280870e+08 4.23486743e+08 4.20280870e+08
 4.10600343e+08 3.94278068e+08 3.71114305e+08 3.41016848e+08
 3.04234658e+08 2.61697360e+08 2.15419779e+08 1.68817826e+08
 1.26642716e+08 9.42238394e+07 7.60256631e+07 7.41195790e+07
 8.74903828e+07 1.12616658e+08 1.44865263e+08 1.79836246e+08
 2.14122889e+08 2.45474022e+08 2.72607698e+08 2.94916324e+08
 3.12196952e+08 3.24451422e+08 3.31755419e+08 3.34180752e+08
 3.31755419e+08 3.24451422e+08 3.12196952e+08 2.94916324e+08
 2.72607698e+08 2.45474022e+08 2.14122889e+08 1.79836246e+08
 1.44865263e+08 1.12616658e+08 8.74903828e+07 7.41195790e+07
 7.60256631e+07 9.42238394e+07 1.26642716e+08 1.68817826e+08
 2.15419779e+08 2.61697360e+08 3.04234658e+08 3.41016848e+08
 3.71114305e+08 3.94278068e+08 4.10600343e+08 4.20280870e+08
 4.23486743e+08]","[0.05100695 0.05727449 0.07618624 0.10804247 0.15324451 0.2121144
 0.28458063 0.36967977 0.46485189 0.56511226 0.66240639 0.74575396
 0.80288882 0.82353618 0.80314886 0.74490706 0.65855003 0.55683042
 0.45181634 0.35270245 0.26534315 0.19283853 0.13644841 0.09641534
 0.07255759 0.06463797 0.07255759 0.09641534 0.13644841 0.19283853
 0.26534315 0.35270245 0.45181634 0.55683042 0.65855003 0.74490706
 0.80314886 0.82353618 0.80288882 0.74575396 0.66240639 0.56511226
 0.46485189 0.36967977 0.28458063 0.2121144  0.15324451 0.10804247
 0.07618624 0.05727449 0.05100695 0.05727449 0.07618624 0.10804247
 0.15324451 0.2121144  0.28458063 0.36967977 0.46485189 0.56511226
 0.66240639 0.74575396 0.80288882 0.82353618 0.80314886 0.74490706
 0.65855003 0.55683042 0.45181634 0.35270245 0.26534315 0.19283853
 0.13644841 0.09641534 0.07255759 0.06463797 0.07255759 0.09641534
 0.13644841 0.19283853 0.26534315 0.35270245 0.45181634 0.55683042
 0.65855003 0.74490706 0.80314886 0.82353618 0.80288882 0.74575396
 0.66240639 0.56511226 0.46485189 0.36967977 0.28458063 0.2121144
 0.15324451 0.10804247 0.07618624 0.05727449 0.05100695]"
36663,C2v,50,50,0000000000000000011111111111111110000000000000000000000000000000000111111111111111100000000000000000000000000000000001111111111111111000000000000000000000000000000000011111111111111110000000000000000000000000000001000111111111111111100010000000000000111111111111110001111111111111111000111111111111111111111111111100011111111111111110001111111111111111111111111111000111111111111111100011111111111111111111111111111111111111111111111111111111111111110111110000111111111111111111111111111111000011111001111100001111111111111111111111111111110000111110001111000011111111111111111111111111111100001111000000000000001111111111111111111111111100000000000000000000000011111111111111111111111111000000000000000000000000111111111111111111111111110000000000000000000000001111111111111111111111111100000000000000000000000011111111111111111111111111000000000000000000000000111111111111111111111111110000000000000000000000001111111111111111111111111100000000000000000000000011111111111111111111111111000000000000000000000000111111111111111111111111110000000000000000000000011111111111111111111111111110000000000000000000000111111111111111111111111111100000000000000000000001111111111111111111111111111000000000000000000000111111111111111111111111111111000000000000000000001111111111111111111111111111110000000000000000000001111111111111111111111111111000000000000000000000011111111111111111111111111110000000000000000000000111111111111111111111111111100000000000000000000000111111111111111111111111110000000000000000000000001111111111111111111111111100000000000000000000000011111111111111111111111111000000000000000000000000111111111111111111111111110000000000000000000000001111111111111111111111111100000000000000000000000011111111111111111111111111000000000000000000000000111111111111111111111111110000000000000000000000001111111111111111111111111100000000000000000000000011111111111111111111111111000000000000001111000011111111111111111111111111111100001111000111110000111111111111111111111111111111000011111001111100001111111111111111111111111111110000111110111111111111111111111111111111111111111111111111111111111111111100011111111111111110001111111111111111111111111111000111111111111111100011111111111111111111111111110001111111111111111000111111111111110000000000000100011111111111111110001000000000000000000000000000000111111111111111100000000000000000000000000000000001111111111111111000000000000000000000000000000000011111111111111110000000000000000000000000000000000111111111111111100000000000000000,Plane Strain,240355085.3,2561946.27,778996293.3,0,0,10336753.2,1e-09,,2240000000,0.49253731,"[2.40346660e+08 2.38605459e+08 2.33363725e+08 2.24572227e+08
 2.12167862e+08 1.96108515e+08 1.76436110e+08 1.53384957e+08
 1.27559903e+08 1.00212583e+08 7.36307139e+07 5.15940853e+07
 3.96945891e+07 4.50539225e+07 7.47868099e+07 1.32993276e+08
 2.17546130e+08 3.19333186e+08 4.25398311e+08 5.23911855e+08
 6.07439278e+08 6.73204309e+08 7.21547833e+08 7.54167051e+08
 7.72881325e+08 7.78968985e+08 7.72881325e+08 7.54167051e+08
 7.21547833e+08 6.73204309e+08 6.07439278e+08 5.23911855e+08
 4.25398311e+08 3.19333186e+08 2.17546130e+08 1.32993276e+08
 7.47868099e+07 4.50539225e+07 3.96945891e+07 5.15940853e+07
 7.36307139e+07 1.00212583e+08 1.27559903e+08 1.53384957e+08
 1.76436110e+08 1.96108515e+08 2.12167862e+08 2.24572227e+08
 2.33363725e+08 2.38605459e+08 2.40346660e+08 2.38605459e+08
 2.33363725e+08 2.24572227e+08 2.12167862e+08 1.96108515e+08
 1.76436110e+08 1.53384957e+08 1.27559903e+08 1.00212583e+08
 7.36307139e+07 5.15940853e+07 3.96945891e+07 4.50539225e+07
 7.47868099e+07 1.32993276e+08 2.17546130e+08 3.19333186e+08
 4.25398311e+08 5.23911855e+08 6.07439278e+08 6.73204309e+08
 7.21547833e+08 7.54167051e+08 7.72881325e+08 7.78968985e+08
 7.72881325e+08 7.54167051e+08 7.21547833e+08 6.73204309e+08
 6.07439278e+08 5.23911855e+08 4.25398311e+08 3.19333186e+08
 2.17546130e+08 1.32993276e+08 7.47868099e+07 4.50539225e+07
 3.96945891e+07 5.15940853e+07 7.36307139e+07 1.00212583e+08
 1.27559903e+08 1.53384957e+08 1.76436110e+08 1.96108515e+08
 2.12167862e+08 2.24572227e+08 2.33363725e+08 2.38605459e+08
 2.40346660e+08]","[0.01065901 0.02674348 0.07530479 0.15696375 0.27166028 0.41679015
 0.58450588 0.75906159 0.91651965 1.02967086 1.07798368 1.05661774
 0.97732333 0.86106705 0.72894172 0.59681745 0.47431768 0.36611027
 0.27369321 0.19684217 0.13455847 0.08561677 0.04885289 0.02330174
 0.0082563  0.00328878 0.0082563  0.02330174 0.04885289 0.08561677
 0.13455847 0.19684217 0.27369321 0.36611027 0.47431768 0.59681745
 0.72894172 0.86106705 0.97732333 1.05661774 1.07798368 1.02967086
 0.91651965 0.75906159 0.58450588 0.41679015 0.27166028 0.15696375
 0.07530479 0.02674348 0.01065901 0.02674348 0.07530479 0.15696375
 0.27166028 0.41679015 0.58450588 0.75906159 0.91651965 1.02967086
 1.07798368 1.05661774 0.97732333 0.86106705 0.72894172 0.59681745
 0.47431768 0.36611027 0.27369321 0.19684217 0.13455847 0.08561677
 0.04885289 0.02330174 0.0082563  0.00328878 0.0082563  0.02330174
 0.04885289 0.08561677 0.13455847 0.19684217 0.27369321 0.36611027
 0.47431768 0.59681745 0.72894172 0.86106705 0.97732333 1.05661774
 1.07798368 1.02967086 0.91651965 0.75906159 0.58450588 0.41679015
 0.27166028 0.15696375 0.07530479 0.02674348 0.01065901]"
1406,C2v,50,50,0000000000000111111111111111111111111000000000000000000000000011111111111111111111111111000000000000000000000000111111111111111111111111110000000000000000000011111111111111111111111111111111110000000001111111111111111111111111111111111111111111111110011111111111111111111111111111111111111111111111100111111111111111111111111111111111111111111111111011111111111111111111111111111111111111111111111111111111111111111111111111111111111111111111111111111111111111111111111111111111111111111111111111111111111111111111111111111111111111111111111111111111111111111111111111111111111111111111111111111111111111111111111111111111111111111111111111111111111111111111111111111111111111111111111111111111111111111111111111111111111111111111111111111111111111111111111111111111111111111111111111111111111111111111111111111111111111111111111111111111111111111111111111111111111111111111111111111111111111111111111111111111111111111111111111111111111111111111111111111111111111111111111111111111111111111111111111111111111111111111111111111111111111111111111111111111111111111111111111111111111111111111111111111111111111111111111111111111111111111111111111111111111111111111111111111111111111111111111111111111111111111111111111111111111111111111111111111111111111111111111111111111111111111111111111111111111111111111111111111111111111111111111111111111111111111111111111111111111111111111111111111111111111111111111111111111111111111111111111111111111111111111111111111111111111111111111111111111111111111111111111111111111111111111111111111111111111111111111111111111111111111111111111111111111111111111111111111111111111111111111111111111111111111111111111111111111111111111111111111111111111111111111111111111111111111111111111111111111111111111111111111111111111111111111111111111111111111111111111111111111111111111111111111111111111111111111111111111111111111111111111111111111111111111111111111111111111111111111111111111111111111111111111111111111111111111111111111111111111111111111111111111111111111111111111111111111111111111111111111111111111111111111111111111111111111111111111111111111111111111111111111111111111111111111111111111111111111111111101111111111111111111111111111111111111111111111110011111111111111111111111111111111111111111111111100111111111111111111111111111111111111111111111111000000000111111111111111111111111111111111100000000000000000000111111111111111111111111110000000000000000000000001111111111111111111111111100000000000000000000000001111111111111111111111110000000000000,Plane Strain,1859999927.0,486720637.4,1405123407.0,0,0,524209635.3,1e-09,,2240000000,0.49253731,"[1.69140479e+09 1.68843936e+09 1.67965382e+09 1.66537544e+09
 1.64613304e+09 1.62263189e+09 1.59571876e+09 1.56633813e+09
 1.53548159e+09 1.50413394e+09 1.47322023e+09 1.44355873e+09
 1.41582397e+09 1.39052329e+09 1.36798825e+09 1.34838029e+09
 1.33170854e+09 1.31785652e+09 1.30661375e+09 1.29770901e+09
 1.29084221e+09 1.28571290e+09 1.28204434e+09 1.27960260e+09
 1.27821092e+09 1.27775943e+09 1.27821092e+09 1.27960260e+09
 1.28204434e+09 1.28571290e+09 1.29084221e+09 1.29770901e+09
 1.30661375e+09 1.31785652e+09 1.33170854e+09 1.34838029e+09
 1.36798825e+09 1.39052329e+09 1.41582397e+09 1.44355873e+09
 1.47322023e+09 1.50413394e+09 1.53548159e+09 1.56633813e+09
 1.59571876e+09 1.62263189e+09 1.64613304e+09 1.66537544e+09
 1.67965382e+09 1.68843936e+09 1.69140479e+09 1.68843936e+09
 1.67965382e+09 1.66537544e+09 1.64613304e+09 1.62263189e+09
 1.59571876e+09 1.56633813e+09 1.53548159e+09 1.50413394e+09
 1.47322023e+09 1.44355873e+09 1.41582397e+09 1.39052329e+09
 1.36798825e+09 1.34838029e+09 1.33170854e+09 1.31785652e+09
 1.30661375e+09 1.29770901e+09 1.29084221e+09 1.28571290e+09
 1.28204434e+09 1.27960260e+09 1.27821092e+09 1.27775943e+09
 1.27821092e+09 1.27960260e+09 1.28204434e+09 1.28571290e+09
 1.29084221e+09 1.29770901e+09 1.30661375e+09 1.31785652e+09
 1.33170854e+09 1.34838029e+09 1.36798825e+09 1.39052329e+09
 1.41582397e+09 1.44355873e+09 1.47322023e+09 1.50413394e+09
 1.53548159e+09 1.56633813e+09 1.59571876e+09 1.62263189e+09
 1.64613304e+09 1.66537544e+09 1.67965382e+09 1.68843936e+09
 1.69140479e+09]","[0.26167777 0.26245018 0.26474329 0.26848503 0.27355604 0.27979127
 0.28698278 0.29488436 0.30321858 0.31168665 0.3199813  0.32780257
 0.33487549 0.34096857 0.34591106 0.34960681 0.35204284 0.35329078
 0.35350051 0.35288636 0.351707   0.3502412  0.34876202 0.34751186
 0.34668082 0.34638996 0.34668082 0.34751186 0.34876202 0.3502412
 0.351707   0.35288636 0.35350051 0.35329078 0.35204284 0.34960681
 0.34591106 0.34096857 0.33487549 0.32780257 0.3199813  0.31168665
 0.30321858 0.29488436 0.28698278 0.27979127 0.27355604 0.26848503
 0.26474329 0.26245018 0.26167777 0.26245018 0.26474329 0.26848503
 0.27355604 0.27979127 0.28698278 0.29488436 0.30321858 0.31168665
 0.3199813  0.32780257 0.33487549 0.34096857 0.34591106 0.34960681
 0.35204284 0.35329078 0.35350051 0.35288636 0.351707   0.3502412
 0.34876202 0.34751186 0.34668082 0.34638996 0.34668082 0.34751186
 0.34876202 0.3502412  0.351707   0.35288636 0.35350051 0.35329078
 0.35204284 0.34960681 0.34591106 0.34096857 0.33487549 0.32780257
 0.3199813  0.31168665 0.30321858 0.29488436 0.28698278 0.27979127
 0.27355604 0.26848503 0.26474329 0.26245018 0.26167777]"
16899,C2v,50,50,1111111111111111111111111111111111111111111111111111111111111111111111111111111111111111111111111111111111111111111111111111111111111111111111111111111111111111111111111111111111111111111111111111111111111111111100000000000000000000000000111111111111111111111111000000000000000000000000001111111111111111111111110000000000000000000000000011111111111111111111111100000000000000000000000000111111111111111000000000000000000000000000000000000000000001111111100000000000000000000000000000000000000001111111111111100000000000000000000000000000000111111111110000001000000000000000000000000000000001000000111100000010000000000000000000000000000000010000001111000000111100000000000000000000000000111100000011110000001111000000000000000000000000001111000000111100000011110000000000000000000000000011110000001111000000111111100000000000000000000111111100000011110000001111111000000000000000000001111111000000110000000011111110000000000000000000011111110000000000000000111111100000000000000000000111111100000000000000001111111000000000000000000001111111000000000000000011111110000000000000000000011111110000000011111111111111100000000000000000000111111111111111111111111111111000000000000000000001111111111111111111111111111110000000000000000000011111111111111111111111111111100000000000000000000111111111111111111111111111111000000000000000000001111111111111111111111111111110000000000000000000011111111111111100000000111111100000000000000000000111111100000000000000001111111000000000000000000001111111000000000000000011111110000000000000000000011111110000000000000000111111100000000000000000000111111100000000110000001111111000000000000000000001111111000000111100000011111110000000000000000000011111110000001111000000111100000000000000000000000000111100000011110000001111000000000000000000000000001111000000111100000011110000000000000000000000000011110000001111000000100000000000000000000000000000000100000011110000001000000000000000000000000000000001000000111111111110000000000000000000000000000000011111111111111000000000000000000000000000000000000000011111111000000000000000000000000000000000000000000001111111111111110000000000000000000000000011111111111111111111111100000000000000000000000000111111111111111111111111000000000000000000000000001111111111111111111111110000000000000000000000000011111111111111111111111111111111111111111111111111111111111111111111111111111111111111111111111111111111111111111111111111111111111111111111111111111111111111111111111111111111111111111111111111111111111111111111,Plane Strain,386250328.2,1026880.58,19815754.33,0,0,1587509.72,1e-09,,2240000000,0.49253731,"[3.86197114e+08 3.82903794e+08 3.71694951e+08 3.48967851e+08
 3.10584599e+08 2.55751700e+08 1.90951336e+08 1.28345088e+08
 7.82356470e+07 4.39557353e+07 2.33088874e+07 1.22820790e+07
 7.30242861e+06 5.84789355e+06 6.31964582e+06 7.75830411e+06
 9.60577500e+06 1.15444439e+07 1.33975227e+07 1.50695495e+07
 1.65114007e+07 1.76998172e+07 1.86254363e+07 1.92858043e+07
 1.96813321e+07 1.98130243e+07 1.96813321e+07 1.92858043e+07
 1.86254363e+07 1.76998172e+07 1.65114007e+07 1.50695495e+07
 1.33975227e+07 1.15444439e+07 9.60577500e+06 7.75830411e+06
 6.31964582e+06 5.84789355e+06 7.30242861e+06 1.22820790e+07
 2.33088874e+07 4.39557353e+07 7.82356470e+07 1.28345088e+08
 1.90951336e+08 2.55751700e+08 3.10584599e+08 3.48967851e+08
 3.71694951e+08 3.82903794e+08 3.86197114e+08 3.82903794e+08
 3.71694951e+08 3.48967851e+08 3.10584599e+08 2.55751700e+08
 1.90951336e+08 1.28345088e+08 7.82356470e+07 4.39557353e+07
 2.33088874e+07 1.22820790e+07 7.30242861e+06 5.84789355e+06
 6.31964582e+06 7.75830411e+06 9.60577500e+06 1.15444439e+07
 1.33975227e+07 1.50695495e+07 1.65114007e+07 1.76998172e+07
 1.86254363e+07 1.92858043e+07 1.96813321e+07 1.98130243e+07
 1.96813321e+07 1.92858043e+07 1.86254363e+07 1.76998172e+07
 1.65114007e+07 1.50695495e+07 1.33975227e+07 1.15444439e+07
 9.60577500e+06 7.75830411e+06 6.31964582e+06 5.84789355e+06
 7.30242861e+06 1.22820790e+07 2.33088874e+07 4.39557353e+07
 7.82356470e+07 1.28345088e+08 1.90951336e+08 2.55751700e+08
 3.10584599e+08 3.48967851e+08 3.71694951e+08 3.82903794e+08
 3.86197114e+08]","[0.00265859 0.00675429 0.01916785 0.04028556 0.07077496 0.11162136
 0.164181   0.23025087 0.31215272 0.41281951 0.53585191 0.68546419
 0.86613498 1.08156703 1.33218309 1.60990231 1.88904958 2.11543064
 2.20574871 2.08039267 1.72894796 1.24191178 0.75479396 0.36942159
 0.13140597 0.05182142 0.13140597 0.36942159 0.75479396 1.24191178
 1.72894796 2.08039267 2.20574871 2.11543064 1.88904958 1.60990231
 1.33218309 1.08156703 0.86613498 0.68546419 0.53585191 0.41281951
 0.31215272 0.23025087 0.164181   0.11162136 0.07077496 0.04028556
 0.01916785 0.00675429 0.00265859 0.00675429 0.01916785 0.04028556
 0.07077496 0.11162136 0.164181   0.23025087 0.31215272 0.41281951
 0.53585191 0.68546419 0.86613498 1.08156703 1.33218309 1.60990231
 1.88904958 2.11543064 2.20574871 2.08039267 1.72894796 1.24191178
 0.75479396 0.36942159 0.13140597 0.05182142 0.13140597 0.36942159
 0.75479396 1.24191178 1.72894796 2.08039267 2.20574871 2.11543064
 1.88904958 1.60990231 1.33218309 1.08156703 0.86613498 0.68546419
 0.53585191 0.41281951 0.31215272 0.23025087 0.164181   0.11162136
 0.07077496 0.04028556 0.01916785 0.00675429 0.00265859]"
70901,C2v,50,50,1111000000000000000000000000000000000000000000111111100000000000000000000000000000000000000000000111111000000000000000000000000000000000000000000001111110000000000000000000000000000000000000000000011111111111111000000000000000000000000000011111111111111111111110000000000000000000000000000111111111111011111000000000000000000000000000000000000111110110111100000000000000000000000000000000000000111101100111000000000000000000000000000000000000001110010001110000000000000000000000000000000000000011100000011100000000000000000000000000000000000000111000000111111000000000000000000000000000000001111110000001111111100000000000000000000000000001111111100000011111111111111000000000000000011111111111111000000011111111111111111110000111111111111111111100000000011111111111111111111111111111111111111110000000000111111111111111111111111111111111111111100000000011111111111111111111111111111111111111111100000000111111111111111111111111111111111111111111000000011111111111111111111111111111111111111111111000000111111111111111111111111111111111111111111110000011111111111111111111111111111111111111111111110000111111111111111111111111111111111111111111111100001111111111111111111111111111111111111111111111000011111111111111111111111111111111111111111111110000111111111111111111111111111111111111111111111100001111111111111111111111111111111111111111111111000011111111111111111111111111111111111111111111110000111111111111111111111111111111111111111111111100000111111111111111111111111111111111111111111110000001111111111111111111111111111111111111111111100000001111111111111111111111111111111111111111110000000011111111111111111111111111111111111111111100000000011111111111111111111111111111111111111110000000000111111111111111111111111111111111111111100000000011111111111111111110000111111111111111111100000001111111111111100000000000000001111111111111100000011111111000000000000000000000000000011111111000000111111000000000000000000000000000000001111110000001110000000000000000000000000000000000000011100000011100000000000000000000000000000000000000111000100111000000000000000000000000000000000000001110011011110000000000000000000000000000000000000011110110111110000000000000000000000000000000000001111101111111111110000000000000000000000000000111111111111111111111100000000000000000000000000001111111111111100000000000000000000000000000000000000000000111111000000000000000000000000000000000000000000001111110000000000000000000000000000000000000000000011111110000000000000000000000000000000000000000001111,Plane Strain,83023229.87,101272601.3,255435504.6,0,0,18606646.63,1e-09,,2240000000,0.49253731,"[4.28716472e+07 4.29722220e+07 4.32773801e+07 4.37974569e+07
 4.45497770e+07 4.55587526e+07 4.68559110e+07 4.84797292e+07
 5.04750934e+07 5.28921410e+07 5.57841703e+07 5.92042530e+07
 6.32001722e+07 6.78073879e+07 7.30399571e+07 7.88797610e+07
 8.52650281e+07 9.20799204e+07 9.91476684e+07 1.06230070e+08
 1.13035770e+08 1.19238415e+08 1.24503722e+08 1.28522244e+08
 1.31042945e+08 1.31902130e+08 1.31042945e+08 1.28522244e+08
 1.24503722e+08 1.19238415e+08 1.13035770e+08 1.06230070e+08
 9.91476684e+07 9.20799204e+07 8.52650281e+07 7.88797610e+07
 7.30399571e+07 6.78073879e+07 6.32001722e+07 5.92042530e+07
 5.57841703e+07 5.28921410e+07 5.04750934e+07 4.84797292e+07
 4.68559110e+07 4.55587526e+07 4.45497770e+07 4.37974569e+07
 4.32773801e+07 4.29722220e+07 4.28716472e+07 4.29722220e+07
 4.32773801e+07 4.37974569e+07 4.45497770e+07 4.55587526e+07
 4.68559110e+07 4.84797292e+07 5.04750934e+07 5.28921410e+07
 5.57841703e+07 5.92042530e+07 6.32001722e+07 6.78073879e+07
 7.30399571e+07 7.88797610e+07 8.52650281e+07 9.20799204e+07
 9.91476684e+07 1.06230070e+08 1.13035770e+08 1.19238415e+08
 1.24503722e+08 1.28522244e+08 1.31042945e+08 1.31902130e+08
 1.31042945e+08 1.28522244e+08 1.24503722e+08 1.19238415e+08
 1.13035770e+08 1.06230070e+08 9.91476684e+07 9.20799204e+07
 8.52650281e+07 7.88797610e+07 7.30399571e+07 6.78073879e+07
 6.32001722e+07 5.92042530e+07 5.57841703e+07 5.28921410e+07
 5.04750934e+07 4.84797292e+07 4.68559110e+07 4.55587526e+07
 4.45497770e+07 4.37974569e+07 4.32773801e+07 4.29722220e+07
 4.28716472e+07]","[1.21981042 1.21629777 1.20573544 1.18808114 1.16335548 1.131743
 1.09367732 1.04988145 1.00135168 0.94929172 0.89501705 0.83985315
 0.78504758 0.73170702 0.6807627  0.63296063 0.58887064 0.54890707
 0.51335517 0.4823987  0.45614587 0.4346521  0.41793877 0.40600809
 0.39885411 0.39647034 0.39885411 0.40600809 0.41793877 0.4346521
 0.45614587 0.4823987  0.51335517 0.54890707 0.58887064 0.63296063
 0.6807627  0.73170702 0.78504758 0.83985315 0.89501705 0.94929172
 1.00135168 1.04988145 1.09367732 1.131743   1.16335548 1.18808114
 1.20573544 1.21629777 1.21981042 1.21629777 1.20573544 1.18808114
 1.16335548 1.131743   1.09367732 1.04988145 1.00135168 0.94929172
 0.89501705 0.83985315 0.78504758 0.73170702 0.6807627  0.63296063
 0.58887064 0.54890707 0.51335517 0.4823987  0.45614587 0.4346521
 0.41793877 0.40600809 0.39885411 0.39647034 0.39885411 0.40600809
 0.41793877 0.4346521  0.45614587 0.4823987  0.51335517 0.54890707
 0.58887064 0.63296063 0.6807627  0.73170702 0.78504758 0.83985315
 0.89501705 0.94929172 1.00135168 1.04988145 1.09367732 1.131743
 1.16335548 1.18808114 1.20573544 1.21629777 1.21981042]"
51296,C2v,50,50,0000000000000000111111111111111111000000000000000000000000000000001111111111111111110000000000000000000000000000000011111111111111111100000000000000000000000000000000111111111111111111000000000000000000000000000000011111111111111111111000000000000000111111111111111111111111111111111111111111111111111111111111111111111111111111111111111111111111111111111111111111111111111111111111111111111111111111111111111111111111111111111111111111111111111111110111111111111111111111111111111111111111111111111001111111111111111111111111111111111111111111111110001111111111111111111111111111111111111111111111000011111111111111111111111111111111111111111111110000011111111111111111111111111111111111111111111000000111111111111111111111111111111111111111111110000001111111111111111111111111111111111111111111100000000111111111111111111111111111111111111111100000000001111111111111111111111111111111111111111000000000011111111111111111111111111111111111111110000000000000000111111111111111111111111111100000000000000000000001111111111111111111111111111000000000000000000000011111111111111111111111111110000000000000000000000111111111111111111111111111100000000000000000000001111111111111111111111111111000000000000000000000011111111111111111111111111110000000000000000000000111111111111111111111111111100000000000000000000001111111111111111111111111111000000000000000000000011111111111111111111111111110000000000000000000000111111111111111111111111111100000000000000000000001111111111111111111111111111000000000000000000000011111111111111111111111111110000000000000000111111111111111111111111111111111111111100000000001111111111111111111111111111111111111111000000000011111111111111111111111111111111111111110000000011111111111111111111111111111111111111111111000000111111111111111111111111111111111111111111110000001111111111111111111111111111111111111111111100000111111111111111111111111111111111111111111111100001111111111111111111111111111111111111111111111000111111111111111111111111111111111111111111111111001111111111111111111111111111111111111111111111110111111111111111111111111111111111111111111111111111111111111111111111111111111111111111111111111111111111111111111111111111111111111111111111111111111111111111111111111111111111111111111111111111111110000000000000001111111111111111111100000000000000000000000000000001111111111111111110000000000000000000000000000000011111111111111111100000000000000000000000000000000111111111111111111000000000000000000000000000000001111111111111111110000000000000000,Plane Strain,557500471.6,73621131.41,932103739.2,0,0,130927426.3,1e-09,,2240000000,0.49253731,"[5.51685592e+08 5.49396601e+08 5.42578796e+08 5.31391358e+08
 5.16138923e+08 4.97331559e+08 4.75768398e+08 4.52638647e+08
 4.29622408e+08 4.08955296e+08 3.93398414e+08 3.86041113e+08
 3.89882311e+08 4.07212029e+08 4.38942594e+08 4.84149759e+08
 5.40068096e+08 6.02597687e+08 6.67126612e+08 7.29340583e+08
 7.85759242e+08 8.33921076e+08 8.72293752e+08 9.00044837e+08
 9.16789028e+08 9.22381647e+08 9.16789028e+08 9.00044837e+08
 8.72293752e+08 8.33921076e+08 7.85759242e+08 7.29340583e+08
 6.67126612e+08 6.02597687e+08 5.40068096e+08 4.84149759e+08
 4.38942594e+08 4.07212029e+08 3.89882311e+08 3.86041113e+08
 3.93398414e+08 4.08955296e+08 4.29622408e+08 4.52638647e+08
 4.75768398e+08 4.97331559e+08 5.16138923e+08 5.31391358e+08
 5.42578796e+08 5.49396601e+08 5.51685592e+08 5.49396601e+08
 5.42578796e+08 5.31391358e+08 5.16138923e+08 4.97331559e+08
 4.75768398e+08 4.52638647e+08 4.29622408e+08 4.08955296e+08
 3.93398414e+08 3.86041113e+08 3.89882311e+08 4.07212029e+08
 4.38942594e+08 4.84149759e+08 5.40068096e+08 6.02597687e+08
 6.67126612e+08 7.29340583e+08 7.85759242e+08 8.33921076e+08
 8.72293752e+08 9.00044837e+08 9.16789028e+08 9.22381647e+08
 9.16789028e+08 9.00044837e+08 8.72293752e+08 8.33921076e+08
 7.85759242e+08 7.29340583e+08 6.67126612e+08 6.02597687e+08
 5.40068096e+08 4.84149759e+08 4.38942594e+08 4.07212029e+08
 3.89882311e+08 3.86041113e+08 3.93398414e+08 4.08955296e+08
 4.29622408e+08 4.52638647e+08 4.75768398e+08 4.97331559e+08
 5.16138923e+08 5.31391358e+08 5.42578796e+08 5.49396601e+08
 5.51685592e+08]","[0.13205573 0.13825342 0.15666352 0.1866877  0.22717134 0.27619752
 0.33087583 0.38723108 0.44033354 0.48479337 0.51562164 0.52925251
 0.52434815 0.50203347 0.46546685 0.41897105 0.36709966 0.31393608
 0.26273236 0.21583917 0.17481403 0.1406032  0.11372801 0.0944423
 0.08284999 0.07898384 0.08284999 0.0944423  0.11372801 0.1406032
 0.17481403 0.21583917 0.26273236 0.31393608 0.36709966 0.41897105
 0.46546685 0.50203347 0.52434815 0.52925251 0.51562164 0.48479337
 0.44033354 0.38723108 0.33087583 0.27619752 0.22717134 0.1866877
 0.15666352 0.13825342 0.13205573 0.13825342 0.15666352 0.1866877
 0.22717134 0.27619752 0.33087583 0.38723108 0.44033354 0.48479337
 0.51562164 0.52925251 0.52434815 0.50203347 0.46546685 0.41897105
 0.36709966 0.31393608 0.26273236 0.21583917 0.17481403 0.1406032
 0.11372801 0.0944423  0.08284999 0.07898384 0.08284999 0.0944423
 0.11372801 0.1406032  0.17481403 0.21583917 0.26273236 0.31393608
 0.36709966 0.41897105 0.46546685 0.50203347 0.52434815 0.52925251
 0.51562164 0.48479337 0.44033354 0.38723108 0.33087583 0.27619752
 0.22717134 0.1866877  0.15666352 0.13825342 0.13205573]"
49053,C2v,50,50,0011111111111111111111111111111111111111111111110000111111111111111111111111111111111111111111111100001111111111111111111111111111111111111111111111000011111111111111111111111111111111111111111111110000111111111111111111111111111111111111111111111100001111111111111111111111111111111111111111111111000011111111111111111111111111111111111111111111110000111111111111111111111111111111111111111111111100001111111111111111111111111111111111111111111111000011111111111111111111111111111111111111111111110001111111111111111111111111111111111111111111111110111111111111111111111111111111111111111111111111111111111111111111111111111111111111111111111111111111111111111111111111111111111111111111111111111111111111111111111111111111111111111111111111111111111111111111111111111111111111111111111111111111111111111111111111111111111111111111111111111111111111111111111111111111111111111111111111111111111111111111111111111111111111111111111111111111111111111111111111111111111111111111111111111111111111111111111111111111111111111111111111111111111111111111111111111111111111111111111111111111111111111111111111110000111111111111111111111111111111111100001111111100001111111111111111111111111111111111000011111111000011111111111111111111111111111111110000111111110000111111111111111111111111111111111100001111111100001111111111111111111111111111111111000011111111000011111111111111111111111111111111110000111111111111111111111111111111111111111111111111111111111111111111111111111111111111111111111111111111111111111111111111111111111111111111111111111111111111111111111111111111111111111111111111111111111111111111111111111111111111111111111111111111111111111111111111111111111111111111111111111111111111111111111111111111111111111111111111111111111111111111111111111111111111111111111111111111111111111111111111111111111111111111111111111111111111111111111111111111111111111111111111111111111111111111111111111111111111111111111111111111111111111111111111110111111111111111111111111111111111111111111111111000111111111111111111111111111111111111111111111100001111111111111111111111111111111111111111111111000011111111111111111111111111111111111111111111110000111111111111111111111111111111111111111111111100001111111111111111111111111111111111111111111111000011111111111111111111111111111111111111111111110000111111111111111111111111111111111111111111111100001111111111111111111111111111111111111111111111000011111111111111111111111111111111111111111111110000111111111111111111111111111111111111111111111100,Plane Strain,1459247901.0,485387507.3,1995255288.0,0,0,549055365.8,1e-09,,2240000000,0.49253731,"[1.34116726e+09 1.34140840e+09 1.34218860e+09 1.34367603e+09
 1.34614404e+09 1.34995966e+09 1.35556618e+09 1.36345836e+09
 1.37414957e+09 1.38813060e+09 1.40582139e+09 1.42751826e+09
 1.45334134e+09 1.48318819e+09 1.51670067e+09 1.55325124e+09
 1.59195314e+09 1.63169558e+09 1.67120105e+09 1.70909882e+09
 1.74400621e+09 1.77460917e+09 1.79973493e+09 1.81841218e+09
 1.82991652e+09 1.83380155e+09 1.82991652e+09 1.81841218e+09
 1.79973493e+09 1.77460917e+09 1.74400621e+09 1.70909882e+09
 1.67120105e+09 1.63169558e+09 1.59195314e+09 1.55325124e+09
 1.51670067e+09 1.48318819e+09 1.45334134e+09 1.42751826e+09
 1.40582139e+09 1.38813060e+09 1.37414957e+09 1.36345836e+09
 1.35556618e+09 1.34995966e+09 1.34614404e+09 1.34367603e+09
 1.34218860e+09 1.34140840e+09 1.34116726e+09 1.34140840e+09
 1.34218860e+09 1.34367603e+09 1.34614404e+09 1.34995966e+09
 1.35556618e+09 1.36345836e+09 1.37414957e+09 1.38813060e+09
 1.40582139e+09 1.42751826e+09 1.45334134e+09 1.48318819e+09
 1.51670067e+09 1.55325124e+09 1.59195314e+09 1.63169558e+09
 1.67120105e+09 1.70909882e+09 1.74400621e+09 1.77460917e+09
 1.79973493e+09 1.81841218e+09 1.82991652e+09 1.83380155e+09
 1.82991652e+09 1.81841218e+09 1.79973493e+09 1.77460917e+09
 1.74400621e+09 1.70909882e+09 1.67120105e+09 1.63169558e+09
 1.59195314e+09 1.55325124e+09 1.51670067e+09 1.48318819e+09
 1.45334134e+09 1.42751826e+09 1.40582139e+09 1.38813060e+09
 1.37414957e+09 1.36345836e+09 1.35556618e+09 1.34995966e+09
 1.34614404e+09 1.34367603e+09 1.34218860e+09 1.34140840e+09
 1.34116726e+09]","[0.33262855 0.33317756 0.33476308 0.33720534 0.34022057 0.34344409
 0.3464611  0.34884296 0.35018591 0.35014836 0.34848253 0.34505658
 0.33986486 0.33302561 0.32476716 0.31540564 0.30531782 0.29491274
 0.28460541 0.2747945  0.26584519 0.25807704 0.25175637 0.24709205
 0.24423364 0.24327088 0.24423364 0.24709205 0.25175637 0.25807704
 0.26584519 0.2747945  0.28460541 0.29491274 0.30531782 0.31540564
 0.32476716 0.33302561 0.33986486 0.34505658 0.34848253 0.35014836
 0.35018591 0.34884296 0.3464611  0.34344409 0.34022057 0.33720534
 0.33476308 0.33317756 0.33262855 0.33317756 0.33476308 0.33720534
 0.34022057 0.34344409 0.3464611  0.34884296 0.35018591 0.35014836
 0.34848253 0.34505658 0.33986486 0.33302561 0.32476716 0.31540564
 0.30531782 0.29491274 0.28460541 0.2747945  0.26584519 0.25807704
 0.25175637 0.24709205 0.24423364 0.24327088 0.24423364 0.24709205
 0.25175637 0.25807704 0.26584519 0.2747945  0.28460541 0.29491274
 0.30531782 0.31540564 0.32476716 0.33302561 0.33986486 0.34505658
 0.34848253 0.35014836 0.35018591 0.34884296 0.3464611  0.34344409
 0.34022057 0.33720534 0.33476308 0.33317756 0.33262855]"
35828,C2v,50,50,0000000000000000011111111111111110000000000000000000000000000000000111111111111111100000000000000000000000000000000001111111111111111000000000000000000000000000000000011111111111111110000000000000000000000000000000001111111111111111110000000000000000000000000000000011111111111111111100000000000000000000000000000000111111111111111111000000000000000000000000000000011111111111111111111000000000000000000000000000011111111111111111111111100000000000000000000000000111111111111111111111111000000000000000000000000001111111111111111111111110000000000000100000000000011111111111111111111111100000000000011000000000000111111111111111111111111000000000000110000000000001111111111111111111111110000000000001111000001000111111111111111111111111110001000001110111000111111111111111111111111111111111111000111000110001111111111111111111111111111111111110001100001110011111111111111111111111111111111111100111000011111111111111111111111111111111111111111111110000000111111111111111111111111111111111111111100000000000111111111111111111111111111111111111110000000000001111111111111111111111111111111111111100000000000001111111111111111111111111111111111110000000000000011111111111111111111111111111111111100000000000000111111111111111111111111111111111111000000000000001111111111111111111111111111111111110000000000000011111111111111111111111111111111111100000000000000111111111111111111111111111111111111000000000000011111111111111111111111111111111111111000000000000111111111111111111111111111111111111110000000000011111111111111111111111111111111111111110000000111111111111111111111111111111111111111111111100001110011111111111111111111111111111111111100111000011000111111111111111111111111111111111111000110001110001111111111111111111111111111111111110001110111000001000111111111111111111111111110001000001111000000000000111111111111111111111111000000000000110000000000001111111111111111111111110000000000001100000000000011111111111111111111111100000000000010000000000000111111111111111111111111000000000000000000000000001111111111111111111111110000000000000000000000000011111111111111111111111100000000000000000000000000001111111111111111111100000000000000000000000000000001111111111111111110000000000000000000000000000000011111111111111111100000000000000000000000000000000111111111111111111000000000000000000000000000000000111111111111111100000000000000000000000000000000001111111111111111000000000000000000000000000000000011111111111111110000000000000000000000000000000000111111111111111100000000000000000,Plane Strain,24989302.54,4232402.39,837875825.2,0,0,6495593.57,1e-09,,2240000000,0.49253731,"[2.49679232e+07 2.48735474e+07 2.45922401e+07 2.41300294e+07
 2.34989827e+07 2.27207238e+07 2.18324644e+07 2.08970219e+07
 2.00193559e+07 1.93739749e+07 1.92506748e+07 2.01313460e+07
 2.28191476e+07 2.86537468e+07 3.98585807e+07 6.00557829e+07
 9.48709755e+07 1.52123438e+08 2.40085053e+08 3.61410011e+08
 5.03787356e+08 6.38969206e+08 7.40303202e+08 8.00658549e+08
 8.29170887e+08 8.37158989e+08 8.29170887e+08 8.00658549e+08
 7.40303202e+08 6.38969206e+08 5.03787356e+08 3.61410011e+08
 2.40085053e+08 1.52123438e+08 9.48709755e+07 6.00557829e+07
 3.98585807e+07 2.86537468e+07 2.28191476e+07 2.01313460e+07
 1.92506748e+07 1.93739749e+07 2.00193559e+07 2.08970219e+07
 2.18324644e+07 2.27207238e+07 2.34989827e+07 2.41300294e+07
 2.45922401e+07 2.48735474e+07 2.49679232e+07 2.48735474e+07
 2.45922401e+07 2.41300294e+07 2.34989827e+07 2.27207238e+07
 2.18324644e+07 2.08970219e+07 2.00193559e+07 1.93739749e+07
 1.92506748e+07 2.01313460e+07 2.28191476e+07 2.86537468e+07
 3.98585807e+07 6.00557829e+07 9.48709755e+07 1.52123438e+08
 2.40085053e+08 3.61410011e+08 5.03787356e+08 6.38969206e+08
 7.40303202e+08 8.00658549e+08 8.29170887e+08 8.37158989e+08
 8.29170887e+08 8.00658549e+08 7.40303202e+08 6.38969206e+08
 5.03787356e+08 3.61410011e+08 2.40085053e+08 1.52123438e+08
 9.48709755e+07 6.00557829e+07 3.98585807e+07 2.86537468e+07
 2.28191476e+07 2.01313460e+07 1.92506748e+07 1.93739749e+07
 2.00193559e+07 2.08970219e+07 2.18324644e+07 2.27207238e+07
 2.34989827e+07 2.41300294e+07 2.45922401e+07 2.48735474e+07
 2.49679232e+07]","[0.16936857 0.30013645 0.68301795 1.26832777 1.92292271 2.43994565
 2.6584718  2.57467028 2.30090248 1.95670166 1.61644713 1.31282217
 1.05458524 0.83984606 0.66306619 0.51814657 0.39958574 0.30279743
 0.2240995  0.16059597 0.11004113 0.07071816 0.04134088 0.02097891
 0.00900352 0.00505135 0.00900352 0.02097891 0.04134088 0.07071816
 0.11004113 0.16059597 0.2240995  0.30279743 0.39958574 0.51814657
 0.66306619 0.83984606 1.05458524 1.31282217 1.61644713 1.95670166
 2.30090248 2.57467028 2.6584718  2.43994565 1.92292271 1.26832777
 0.68301795 0.30013645 0.16936857 0.30013645 0.68301795 1.26832777
 1.92292271 2.43994565 2.6584718  2.57467028 2.30090248 1.95670166
 1.61644713 1.31282217 1.05458524 0.83984606 0.66306619 0.51814657
 0.39958574 0.30279743 0.2240995  0.16059597 0.11004113 0.07071816
 0.04134088 0.02097891 0.00900352 0.00505135 0.00900352 0.02097891
 0.04134088 0.07071816 0.11004113 0.16059597 0.2240995  0.30279743
 0.39958574 0.51814657 0.66306619 0.83984606 1.05458524 1.31282217
 1.61644713 1.95670166 2.30090248 2.57467028 2.6584718  2.43994565
 1.92292271 1.26832777 0.68301795 0.30013645 0.16936857]"
7482,C2v,50,50,0000000111111111111111111111111111111111111000000000000001111111111111111111111111111111111110000000000000011111111111111111111111111111111111100000000000000111111111111111111111111111111111111000000000000011111111111111111111111111111111111111000000000111111111111111111111111111111111111111111110000001111111111111111111111111111111111111111111100000011111111111111111111111111111111111111111111000001111111111111111111111111111111111111111111111000011111111111111111111111111111111111111111111110001111111111111111111111111111111111111111111111110011111111111111111111111111111111111111111111111101111111111111111111111111111111111111111111111111111111111111111111111111111111111111111111111111111111111111111111111111111111111111111111111111111111111111111111111111111111111111111111111111111111111111111111111111111111111111111111111111111111111111111111111111111111111111111111111111111111111111111111111111111111111111111111111111111111111111111111111111111111111111111111111111111111111111111001111111111111111111111111111111111111111111111000001111111111111111111111111111111111111111111100000011111111111111111111111111111111111111111111000000111111111111111111111111111111111111111111110000001111111111111111111111111111111111111111111100000011111111111111111111111111111111111111111111000000111111111111111111111111111111111111111111110000001111111111111111111111111111111111111111111100000011111111111111111111111111111111111111111111000001111111111111111111111111111111111111111111111001111111111111111111111111111111111111111111111111111111111111111111111111111111111111111111111111111111111111111111111111111111111111111111111111111111111111111111111111111111111111111111111111111111111111111111111111111111111111111111111111111111111111111111111111111111111111111111111111111111111111111111111111111111111111111111111111111111111111111111111111111111111111111111111111111111111111111011111111111111111111111111111111111111111111111100111111111111111111111111111111111111111111111111000111111111111111111111111111111111111111111111100001111111111111111111111111111111111111111111111000001111111111111111111111111111111111111111111100000011111111111111111111111111111111111111111111000000111111111111111111111111111111111111111111110000000001111111111111111111111111111111111111100000000000001111111111111111111111111111111111110000000000000011111111111111111111111111111111111100000000000000111111111111111111111111111111111111000000000000001111111111111111111111111111111111110000000,Plane Strain,1322394029.0,445641277.6,1768747313.0,0,0,473161355.1,1e-09,,2240000000,0.49253731,"[1.21011335e+09 1.20986830e+09 1.20920077e+09 1.20831184e+09
 1.20753051e+09 1.20730313e+09 1.20817632e+09 1.21077146e+09
 1.21574914e+09 1.22376291e+09 1.23540307e+09 1.25113376e+09
 1.27122890e+09 1.29571483e+09 1.32432862e+09 1.35650015e+09
 1.39136342e+09 1.42779776e+09 1.46449494e+09 1.50004352e+09
 1.53301992e+09 1.56207592e+09 1.58601449e+09 1.60384987e+09
 1.61485070e+09 1.61856806e+09 1.61485070e+09 1.60384987e+09
 1.58601449e+09 1.56207592e+09 1.53301992e+09 1.50004352e+09
 1.46449494e+09 1.42779776e+09 1.39136342e+09 1.35650015e+09
 1.32432862e+09 1.29571483e+09 1.27122890e+09 1.25113376e+09
 1.23540307e+09 1.22376291e+09 1.21574914e+09 1.21077146e+09
 1.20817632e+09 1.20730313e+09 1.20753051e+09 1.20831184e+09
 1.20920077e+09 1.20986830e+09 1.21011335e+09 1.20986830e+09
 1.20920077e+09 1.20831184e+09 1.20753051e+09 1.20730313e+09
 1.20817632e+09 1.21077146e+09 1.21574914e+09 1.22376291e+09
 1.23540307e+09 1.25113376e+09 1.27122890e+09 1.29571483e+09
 1.32432862e+09 1.35650015e+09 1.39136342e+09 1.42779776e+09
 1.46449494e+09 1.50004352e+09 1.53301992e+09 1.56207592e+09
 1.58601449e+09 1.60384987e+09 1.61485070e+09 1.61856806e+09
 1.61485070e+09 1.60384987e+09 1.58601449e+09 1.56207592e+09
 1.53301992e+09 1.50004352e+09 1.46449494e+09 1.42779776e+09
 1.39136342e+09 1.35650015e+09 1.32432862e+09 1.29571483e+09
 1.27122890e+09 1.25113376e+09 1.23540307e+09 1.22376291e+09
 1.21574914e+09 1.21077146e+09 1.20817632e+09 1.20730313e+09
 1.20753051e+09 1.20831184e+09 1.20920077e+09 1.20986830e+09
 1.21011335e+09]","[0.33699583 0.33776682 0.34000637 0.34349905 0.34790211 0.35276989
 0.35758759 0.3618128  0.36492201 0.36645762 0.36607019 0.36355036
 0.35884635 0.35206501 0.34345715 0.33339048 0.32231496 0.31072581
 0.2991288  0.28801089 0.27781778 0.26893854 0.2616962  0.25634317
 0.25305954 0.25195305 0.25305954 0.25634317 0.2616962  0.26893854
 0.27781778 0.28801089 0.2991288  0.31072581 0.32231496 0.33339048
 0.34345715 0.35206501 0.35884635 0.36355036 0.36607019 0.36645762
 0.36492201 0.3618128  0.35758759 0.35276989 0.34790211 0.34349905
 0.34000637 0.33776682 0.33699583 0.33776682 0.34000637 0.34349905
 0.34790211 0.35276989 0.35758759 0.3618128  0.36492201 0.36645762
 0.36607019 0.36355036 0.35884635 0.35206501 0.34345715 0.33339048
 0.32231496 0.31072581 0.2991288  0.28801089 0.27781778 0.26893854
 0.2616962  0.25634317 0.25305954 0.25195305 0.25305954 0.25634317
 0.2616962  0.26893854 0.27781778 0.28801089 0.2991288  0.31072581
 0.32231496 0.33339048 0.34345715 0.35206501 0.35884635 0.36355036
 0.36607019 0.36645762 0.36492201 0.3618128  0.35758759 0.35276989
 0.34790211 0.34349905 0.34000637 0.33776682 0.33699583]"
24131,C2v,50,50,0000000000000000011111111111111110000000000000000000000000000000000111111111111111100000000000000000000000000000000001111111111111111000000000000000000000000000000000011111111111111110000000000000000000000000000000000111111111111111100000000000000000000000000000000001111111111111111000000000000000000000000000000000011111111111111110000000000000000000000000000000000111111111111111100000000000000000000000000000000001111111111111111000000000000000000000000000000000011111111111111110000000000000000000000000000000000111111111111111100000000000000000000000000000000001111111111111111000000000000000000000000000000000011111111111111110000000000000000000000000000000000111111111111111100000000000000000000000000000000011111111111111111100000000000000000000000000111111111111111111111111111111000000000000000000001111111111111111111111111111110000000000000000000111111111111111111111111111111110000000001111111111111111111111111111111111111111111111111111111111111111111111111111111111111111111111111111111111111111111111111111111111111111111111111111111111111111111111111111111111111111111111111111111111111111111111111111111111111111111111111111111111111111111111111111111111111111111111111111111111111111111111111111111111111111111111111111111111111111111111111111111111111111111111111111111111111111111111111111111111111111111111111111111111111111111111111111111111111111111111111111111111111111111111111111111111111111111111111111111111111111111111111111111111111111111111111111111111111111111111111111111111111111111111111111111111111111111111111111111111111111111111111111111111111111111111111111000000000111111111111111111111111111111110000000000000000000111111111111111111111111111111000000000000000000001111111111111111111111111111110000000000000000000000000011111111111111111100000000000000000000000000000000011111111111111110000000000000000000000000000000000111111111111111100000000000000000000000000000000001111111111111111000000000000000000000000000000000011111111111111110000000000000000000000000000000000111111111111111100000000000000000000000000000000001111111111111111000000000000000000000000000000000011111111111111110000000000000000000000000000000000111111111111111100000000000000000000000000000000001111111111111111000000000000000000000000000000000011111111111111110000000000000000000000000000000000111111111111111100000000000000000000000000000000001111111111111111000000000000000000000000000000000011111111111111110000000000000000000000000000000000111111111111111100000000000000000,Plane Strain,696624577.1,113296955.0,718432151.0,0,0,66867574.87,1e-09,,2240000000,0.49253731,"[6.78757615e+08 6.73969232e+08 6.59617442e+08 6.35771289e+08
 6.02645415e+08 5.60757772e+08 5.11158591e+08 4.55715634e+08
 3.97398684e+08 3.40439916e+08 2.90182686e+08 2.52439139e+08
 2.32343593e+08 2.33009872e+08 2.54573433e+08 2.94126072e+08
 3.46585303e+08 4.06037295e+08 4.66949819e+08 5.24892105e+08
 5.76736369e+08 6.20513512e+08 6.55121691e+08 6.80024917e+08
 6.95007857e+08 7.00005870e+08 6.95007857e+08 6.80024917e+08
 6.55121691e+08 6.20513512e+08 5.76736369e+08 5.24892105e+08
 4.66949819e+08 4.06037295e+08 3.46585303e+08 2.94126072e+08
 2.54573433e+08 2.33009872e+08 2.32343593e+08 2.52439139e+08
 2.90182686e+08 3.40439916e+08 3.97398684e+08 4.55715634e+08
 5.11158591e+08 5.60757772e+08 6.02645415e+08 6.35771289e+08
 6.59617442e+08 6.73969232e+08 6.78757615e+08 6.73969232e+08
 6.59617442e+08 6.35771289e+08 6.02645415e+08 5.60757772e+08
 5.11158591e+08 4.55715634e+08 3.97398684e+08 3.40439916e+08
 2.90182686e+08 2.52439139e+08 2.32343593e+08 2.33009872e+08
 2.54573433e+08 2.94126072e+08 3.46585303e+08 4.06037295e+08
 4.66949819e+08 5.24892105e+08 5.76736369e+08 6.20513512e+08
 6.55121691e+08 6.80024917e+08 6.95007857e+08 7.00005870e+08
 6.95007857e+08 6.80024917e+08 6.55121691e+08 6.20513512e+08
 5.76736369e+08 5.24892105e+08 4.66949819e+08 4.06037295e+08
 3.46585303e+08 2.94126072e+08 2.54573433e+08 2.33009872e+08
 2.32343593e+08 2.52439139e+08 2.90182686e+08 3.40439916e+08
 3.97398684e+08 4.55715634e+08 5.11158591e+08 5.60757772e+08
 6.02645415e+08 6.35771289e+08 6.59617442e+08 6.73969232e+08
 6.78757615e+08]","[0.16263703 0.16868395 0.1868053  0.2169045  0.25868922 0.31146436
 0.37383492 0.44334307 0.51612203 0.58673458 0.64843709 0.69407357
 0.71755996 0.71550814 0.68825459 0.63974341 0.57633105 0.50514132
 0.43267683 0.36405373 0.30283518 0.25124009 0.21049777 0.18119929
 0.16357771 0.15770029 0.16357771 0.18119929 0.21049777 0.25124009
 0.30283518 0.36405373 0.43267683 0.50514132 0.57633105 0.63974341
 0.68825459 0.71550814 0.71755996 0.69407357 0.64843709 0.58673458
 0.51612203 0.44334307 0.37383492 0.31146436 0.25868922 0.2169045
 0.1868053  0.16868395 0.16263703 0.16868395 0.1868053  0.2169045
 0.25868922 0.31146436 0.37383492 0.44334307 0.51612203 0.58673458
 0.64843709 0.69407357 0.71755996 0.71550814 0.68825459 0.63974341
 0.57633105 0.50514132 0.43267683 0.36405373 0.30283518 0.25124009
 0.21049777 0.18119929 0.16357771 0.15770029 0.16357771 0.18119929
 0.21049777 0.25124009 0.30283518 0.36405373 0.43267683 0.50514132
 0.57633105 0.63974341 0.68825459 0.71550814 0.71755996 0.69407357
 0.64843709 0.58673458 0.51612203 0.44334307 0.37383492 0.31146436
 0.25868922 0.2169045  0.1868053  0.16868395 0.16263703]"
69227,C2v,50,50,0000000000111111111000000000000111111111000000000000000000001111111110000000000001111111110000000000000000000011111111100000000000011111111100000000000000000011111111111110000000011111111111110000000000000111111111111111111111111111111111111111100000000000111111111111111111111111111111111111110000000000001111111111111111111111111111111111111100000000000011111111111111111111111111111111111111000000000000111111111111111111111111111111111111110000000000001111111111111111111111111111111111111100000000000011111111111111111111111111111111111111000000000000111111111111111111111111111111111111110000000000011111111111111111111111111111111111111110000011111111111111111111111111111111111111111111111111111111111111111111111111111111111111111111111111111111111111111111111111111111111111111111111111111111111111111111111111111111111111111111111111111111111111111111111111111111111111111111111111111111111111111111111111111111111111111111111111111111111111111111111111111111111111111111111111111111111111111111111111111111111111111111111111111111111111111111111111111111111111111111111111111111111111111111111111111111111111111111111111111111111111111111111111111111111111111111111111111111111111111111111111111111111111111111111111111111111111111111111111111111111111111111111111111111111111111111111111111111111111111111111111111111111111111111111111111111111111111111111111111111111111111111111111111111111111111111111111111111111111111111111111111111111111111111111111111111111111111111111111111111111111111111111111111111111111111111111111111111111111111111111111111111111111111111111111111111111111111111111111111111111111111111111111111111111111111111111111111111111111111111111111111111111111111111111111111111111111111111111111111111111111111111111111111111111111111111111111111111111111111111111111111111111111111111111111111111111111111111111100000111111111111111111111111111111111111111100000000000111111111111111111111111111111111111110000000000001111111111111111111111111111111111111100000000000011111111111111111111111111111111111111000000000000111111111111111111111111111111111111110000000000001111111111111111111111111111111111111100000000000011111111111111111111111111111111111111000000000000111111111111111111111111111111111111110000000000011111111111111111111111111111111111111110000000000000111111111111100000000111111111111100000000000000000011111111100000000000011111111100000000000000000000111111111000000000000111111111000000000000000000001111111110000000000001111111110000000000,Plane Strain,1244002701.0,309422466.3,1274823221.0,0,0,306098774.1,1e-09,,2240000000,0.49253731,"[1.16890032e+09 1.16490867e+09 1.15308842e+09 1.13391272e+09
 1.10819777e+09 1.07713477e+09 1.04231517e+09 1.00572930e+09
 9.69715017e+08 9.36835354e+08 9.09675496e+08 8.90571696e+08
 8.81312672e+08 8.82877087e+08 8.95274889e+08 9.17538228e+08
 9.47865439e+08 9.83877567e+08 1.02292062e+09 1.06234701e+09
 1.09973091e+09 1.13300112e+09 1.16049897e+09 1.18098236e+09
 1.19360042e+09 1.19786015e+09 1.19360042e+09 1.18098236e+09
 1.16049897e+09 1.13300112e+09 1.09973091e+09 1.06234701e+09
 1.02292062e+09 9.83877567e+08 9.47865439e+08 9.17538228e+08
 8.95274889e+08 8.82877087e+08 8.81312672e+08 8.90571696e+08
 9.09675496e+08 9.36835354e+08 9.69715017e+08 1.00572930e+09
 1.04231517e+09 1.07713477e+09 1.10819777e+09 1.13391272e+09
 1.15308842e+09 1.16490867e+09 1.16890032e+09 1.16490867e+09
 1.15308842e+09 1.13391272e+09 1.10819777e+09 1.07713477e+09
 1.04231517e+09 1.00572930e+09 9.69715017e+08 9.36835354e+08
 9.09675496e+08 8.90571696e+08 8.81312672e+08 8.82877087e+08
 8.95274889e+08 9.17538228e+08 9.47865439e+08 9.83877567e+08
 1.02292062e+09 1.06234701e+09 1.09973091e+09 1.13300112e+09
 1.16049897e+09 1.18098236e+09 1.19360042e+09 1.19786015e+09
 1.19360042e+09 1.18098236e+09 1.16049897e+09 1.13300112e+09
 1.09973091e+09 1.06234701e+09 1.02292062e+09 9.83877567e+08
 9.47865439e+08 9.17538228e+08 8.95274889e+08 8.82877087e+08
 8.81312672e+08 8.90571696e+08 9.09675496e+08 9.36835354e+08
 9.69715017e+08 1.00572930e+09 1.04231517e+09 1.07713477e+09
 1.10819777e+09 1.13391272e+09 1.15308842e+09 1.16490867e+09
 1.16890032e+09]","[0.24873135 0.25137561 0.25920379 0.27189615 0.28890206 0.30942014
 0.33238406 0.35646773 0.38012519 0.40167815 0.41945553 0.43197361
 0.43812747 0.43735113 0.4297043  0.41586105 0.39700392 0.37465343
 0.3504769  0.32611655 0.30306249 0.2825775  0.26566719 0.25308159
 0.24533305 0.24271794 0.24533305 0.25308159 0.26566719 0.2825775
 0.30306249 0.32611655 0.3504769  0.37465343 0.39700392 0.41586105
 0.4297043  0.43735113 0.43812747 0.43197361 0.41945553 0.40167815
 0.38012519 0.35646773 0.33238406 0.30942014 0.28890206 0.27189615
 0.25920379 0.25137561 0.24873135 0.25137561 0.25920379 0.27189615
 0.28890206 0.30942014 0.33238406 0.35646773 0.38012519 0.40167815
 0.41945553 0.43197361 0.43812747 0.43735113 0.4297043  0.41586105
 0.39700392 0.37465343 0.3504769  0.32611655 0.30306249 0.2825775
 0.26566719 0.25308159 0.24533305 0.24271794 0.24533305 0.25308159
 0.26566719 0.2825775  0.30306249 0.32611655 0.3504769  0.37465343
 0.39700392 0.41586105 0.4297043  0.43735113 0.43812747 0.43197361
 0.41945553 0.40167815 0.38012519 0.35646773 0.33238406 0.30942014
 0.28890206 0.27189615 0.25920379 0.25137561 0.24873135]"
67965,C2v,50,50,1111111111111111111111111111111111111111111111111111111111111111111111111111111111111111111111111111111111111111111111111111111111111111111111111111111111111111111111111111111111111111111111111111111111111111111111111111111111111111111111111111111111111111111111111111111111111111111111111111111111111111111111111111111111111111111111111111111111111111111111111111111111111111111111111111111111111111111111111111111111111111111111111111111111111111110000011111111111111111111111111111111111111110000000000000111111111111111111111111111111111100000000000000001111111111111111111111111111111111000000000001111111111111111111111111111111111111111111100011111110000011111111110000001111111111000001111111100001110000000000000000000000000000000000111000011000011111111000000000000000000000000111111110000100000111111110000000000000000000000001111111100000000001111111111110000000000000000111111111111000000000011111111111100000000000000001111111111110000000000111111111111000000000000000011111111111100000111111111111111111111111001111111111111111111111111111111111111111111111111111111111111111111111111111111111111111111111111111111111111111111111111111111111111111111111111111111111111111111111111111111111111111111111111111111111111111111111111111111111111111111111111111111111111111111111111111111111111111111111111111111111111111111111111111111111111111111111111111111111111111111111111111111111111111111111111111111111111111111111111111111111111111111111111111111111111111001111111111111111111111110000011111111111100000000000000001111111111110000000000111111111111000000000000000011111111111100000000001111111111110000000000000000111111111111000000000011111111000000000000000000000000111111110000010000111111110000000000000000000000001111111100001100001110000000000000000000000000000000000111000011111111000001111111111000000111111111100000111111100011111111111111111111111111111111111111111111000000000001111111111111111111111111111111111000000000000000011111111111111111111111111111111110000000000000111111111111111111111111111111111111111100000111111111111111111111111111111111111111111111111111111111111111111111111111111111111111111111111111111111111111111111111111111111111111111111111111111111111111111111111111111111111111111111111111111111111111111111111111111111111111111111111111111111111111111111111111111111111111111111111111111111111111111111111111111111111111111111111111111111111111111111111111111111111111111111111111111111111111111111111111111111111111111111111111111111111111111,Plane Strain,1404236654.0,46175261.02,124667221.2,0,0,96018794.13,1e-09,,2240000000,0.49253731,"[1.38713388e+09 1.37490439e+09 1.33751361e+09 1.27365508e+09
 1.18346013e+09 1.07064809e+09 9.43196634e+08 8.11687712e+08
 6.86252141e+08 5.74060070e+08 4.78531469e+08 4.00005072e+08
 3.36953324e+08 2.87054058e+08 2.47879662e+08 2.17242703e+08
 1.93318812e+08 1.74652442e+08 1.60112955e+08 1.48837048e+08
 1.40173931e+08 1.33639300e+08 1.28879224e+08 1.25643159e+08
 1.23764705e+08 1.23148848e+08 1.23764705e+08 1.25643159e+08
 1.28879224e+08 1.33639300e+08 1.40173931e+08 1.48837048e+08
 1.60112955e+08 1.74652442e+08 1.93318812e+08 2.17242703e+08
 2.47879662e+08 2.87054058e+08 3.36953324e+08 4.00005072e+08
 4.78531469e+08 5.74060070e+08 6.86252141e+08 8.11687712e+08
 9.43196634e+08 1.07064809e+09 1.18346013e+09 1.27365508e+09
 1.33751361e+09 1.37490439e+09 1.38713388e+09 1.37490439e+09
 1.33751361e+09 1.27365508e+09 1.18346013e+09 1.07064809e+09
 9.43196634e+08 8.11687712e+08 6.86252141e+08 5.74060070e+08
 4.78531469e+08 4.00005072e+08 3.36953324e+08 2.87054058e+08
 2.47879662e+08 2.17242703e+08 1.93318812e+08 1.74652442e+08
 1.60112955e+08 1.48837048e+08 1.40173931e+08 1.33639300e+08
 1.28879224e+08 1.25643159e+08 1.23764705e+08 1.23148848e+08
 1.23764705e+08 1.25643159e+08 1.28879224e+08 1.33639300e+08
 1.40173931e+08 1.48837048e+08 1.60112955e+08 1.74652442e+08
 1.93318812e+08 2.17242703e+08 2.47879662e+08 2.87054058e+08
 3.36953324e+08 4.00005072e+08 4.78531469e+08 5.74060070e+08
 6.86252141e+08 8.11687712e+08 9.43196634e+08 1.07064809e+09
 1.18346013e+09 1.27365508e+09 1.33751361e+09 1.37490439e+09
 1.38713388e+09]","[0.03288282 0.03606189 0.04565391 0.06182297 0.08484096 0.11508343
 0.15301927 0.19918901 0.25416208 0.31845834 0.39241076 0.47593621
 0.56817224 0.66693893 0.76802146 0.86438298 0.94566182 0.99866495
 1.00978255 0.96969982 0.87900689 0.75132015 0.61096841 0.48600124
 0.40061224 0.37038815 0.40061224 0.48600124 0.61096841 0.75132015
 0.87900689 0.96969982 1.00978255 0.99866495 0.94566182 0.86438298
 0.76802146 0.66693893 0.56817224 0.47593621 0.39241076 0.31845834
 0.25416208 0.19918901 0.15301927 0.11508343 0.08484096 0.06182297
 0.04565391 0.03606189 0.03288282 0.03606189 0.04565391 0.06182297
 0.08484096 0.11508343 0.15301927 0.19918901 0.25416208 0.31845834
 0.39241076 0.47593621 0.56817224 0.66693893 0.76802146 0.86438298
 0.94566182 0.99866495 1.00978255 0.96969982 0.87900689 0.75132015
 0.61096841 0.48600124 0.40061224 0.37038815 0.40061224 0.48600124
 0.61096841 0.75132015 0.87900689 0.96969982 1.00978255 0.99866495
 0.94566182 0.86438298 0.76802146 0.66693893 0.56817224 0.47593621
 0.39241076 0.31845834 0.25416208 0.19918901 0.15301927 0.11508343
 0.08484096 0.06182297 0.04565391 0.03606189 0.03288282]"
13722,C2v,50,50,1111111111111111111111111111111111111111111111111111111111111111111111111111111111111111111111111111111111111111111111111111111111111111111111111111111111111111111111111111111111111111111111111111111111111111111111111111111111111111111111111111111111111111111111111111111111111111111111111111111111111111111111111111111111111111111111111111111111111111111111111111111111111111111111111111111111111111111111111111111111111111111111111111111111111111111111111111111111111111111111111111111111111111111111111111111111111111111111111111111111111111111111111111111111111111111111111111111111111111111111111111111111111111111111111111111111111111111111111111111111111111111111111111111111111111111111111111111111111111111111111111111111111111111111111111111111111111111111111111100001111111111111111111111111111111111111111111110000001111111111111111111111111111111111111111111100000011111111111111111111111111111111111111111111000000111111111111111111111111111111111111111111100000000111111111111111111111111111111111111111000000000000001111111111111111111111111111111111110000000000000011111111111111111111111111111111111100000000000000111111111111111111111111111111111111000000000000001111111111111111111111111111111111000000000000000000111111111111111111111111111111110000000000000000001111111111111111111111111111111111000000000000001111111111111111111111111111111111110000000000000011111111111111111111111111111111111100000000000000111111111111111111111111111111111111000000000000001111111111111111111111111111111111111110000000011111111111111111111111111111111111111111110000001111111111111111111111111111111111111111111100000011111111111111111111111111111111111111111111000000111111111111111111111111111111111111111111111000011111111111111111111111111111111111111111111111111111111111111111111111111111111111111111111111111111111111111111111111111111111111111111111111111111111111111111111111111111111111111111111111111111111111111111111111111111111111111111111111111111111111111111111111111111111111111111111111111111111111111111111111111111111111111111111111111111111111111111111111111111111111111111111111111111111111111111111111111111111111111111111111111111111111111111111111111111111111111111111111111111111111111111111111111111111111111111111111111111111111111111111111111111111111111111111111111111111111111111111111111111111111111111111111111111111111111111111111111111111111111111111111111111111111111111111111111111111111111111111111111111111111111111111111111111111111111111111111111111,Plane Strain,1647713730.0,544562405.9,1742984738.0,0,0,561357315.5,1e-09,,2240000000,0.49253731,"[1.47757557e+09 1.47753465e+09 1.47742931e+09 1.47731062e+09
 1.47725992e+09 1.47738319e+09 1.47780357e+09 1.47865225e+09
 1.48005820e+09 1.48213736e+09 1.48498201e+09 1.48865092e+09
 1.49316134e+09 1.49848330e+09 1.50453694e+09 1.51119313e+09
 1.51827762e+09 1.52557831e+09 1.53285532e+09 1.53985309e+09
 1.54631370e+09 1.55199047e+09 1.55666103e+09 1.56013911e+09
 1.56228425e+09 1.56300917e+09 1.56228425e+09 1.56013911e+09
 1.55666103e+09 1.55199047e+09 1.54631370e+09 1.53985309e+09
 1.53285532e+09 1.52557831e+09 1.51827762e+09 1.51119313e+09
 1.50453694e+09 1.49848330e+09 1.49316134e+09 1.48865092e+09
 1.48498201e+09 1.48213736e+09 1.48005820e+09 1.47865225e+09
 1.47780357e+09 1.47738319e+09 1.47725992e+09 1.47731062e+09
 1.47742931e+09 1.47753465e+09 1.47757557e+09 1.47753465e+09
 1.47742931e+09 1.47731062e+09 1.47725992e+09 1.47738319e+09
 1.47780357e+09 1.47865225e+09 1.48005820e+09 1.48213736e+09
 1.48498201e+09 1.48865092e+09 1.49316134e+09 1.49848330e+09
 1.50453694e+09 1.51119313e+09 1.51827762e+09 1.52557831e+09
 1.53285532e+09 1.53985309e+09 1.54631370e+09 1.55199047e+09
 1.55666103e+09 1.56013911e+09 1.56228425e+09 1.56300917e+09
 1.56228425e+09 1.56013911e+09 1.55666103e+09 1.55199047e+09
 1.54631370e+09 1.53985309e+09 1.53285532e+09 1.52557831e+09
 1.51827762e+09 1.51119313e+09 1.50453694e+09 1.49848330e+09
 1.49316134e+09 1.48865092e+09 1.48498201e+09 1.48213736e+09
 1.48005820e+09 1.47865225e+09 1.47780357e+09 1.47738319e+09
 1.47725992e+09 1.47731062e+09 1.47742931e+09 1.47753465e+09
 1.47757557e+09]","[0.33049576 0.33059845 0.33089639 0.33135996 0.33194204 0.33258136
 0.33320684 0.33374267 0.33411396 0.33425229 0.334101   0.33361968
 0.33278758 0.33160567 0.33009707 0.32830613 0.32629593 0.32414469
 0.32194125 0.31978002 0.31775578 0.31595856 0.31446897 0.31335413
 0.3126644  0.31243097 0.3126644  0.31335413 0.31446897 0.31595856
 0.31775578 0.31978002 0.32194125 0.32414469 0.32629593 0.32830613
 0.33009707 0.33160567 0.33278758 0.33361968 0.334101   0.33425229
 0.33411396 0.33374267 0.33320684 0.33258136 0.33194204 0.33135996
 0.33089639 0.33059845 0.33049576 0.33059845 0.33089639 0.33135996
 0.33194204 0.33258136 0.33320684 0.33374267 0.33411396 0.33425229
 0.334101   0.33361968 0.33278758 0.33160567 0.33009707 0.32830613
 0.32629593 0.32414469 0.32194125 0.31978002 0.31775578 0.31595856
 0.31446897 0.31335413 0.3126644  0.31243097 0.3126644  0.31335413
 0.31446897 0.31595856 0.31775578 0.31978002 0.32194125 0.32414469
 0.32629593 0.32830613 0.33009707 0.33160567 0.33278758 0.33361968
 0.334101   0.33425229 0.33411396 0.33374267 0.33320684 0.33258136
 0.33194204 0.33135996 0.33089639 0.33059845 0.33049576]"
4993,C2v,50,50,1111111111111111111111111111111111111111111111111111111111111111111111111111111111111111111111111111000111111111111111111111111111111111111111111110000001111111111110011111111111111110011111111111100000001111111111100111111111111111100111111111110000000010000000001001111111111111111001000000000100000000000000000000011111111111111110000000000000000000000000000000000111111111111111100000000000000000000000000000000001111111111111111000000000000000000000000000000000011111111111111110000000000000000000000000000000001111111111111111110000000000000000000000000000011111111111111111111111100000000000000000000000000111111111111111111111111000000000000000000000000001111111111111111111111110000000000000000000000000011111111111111111111111100000000000000000000000000111111111111111111111111000000000000000000000000001111111111111111111111110000000000000000000000000011111111111111111111111100000000000000000000000111111111111111111111111111111000000000000000000001111111111111111111111111111110000000000000000000011111111111111111111111111111100000000000000000001111111111111111111111111111111100000000000000000011111111111111111111111111111111000000000000000000111111111111111111111111111111110000000000000000011111111111111111111111111111111110000000000000000111111111111111111111111111111111100000000000000000111111111111111111111111111111110000000000000000001111111111111111111111111111111100000000000000000011111111111111111111111111111111000000000000000000011111111111111111111111111111100000000000000000000111111111111111111111111111111000000000000000000001111111111111111111111111111110000000000000000000000011111111111111111111111100000000000000000000000000111111111111111111111111000000000000000000000000001111111111111111111111110000000000000000000000000011111111111111111111111100000000000000000000000000111111111111111111111111000000000000000000000000001111111111111111111111110000000000000000000000000011111111111111111111111100000000000000000000000000000111111111111111111000000000000000000000000000000000111111111111111100000000000000000000000000000000001111111111111111000000000000000000000000000000000011111111111111110000000000000000000000000000000000111111111111111100000000000000000000010000000001001111111111111111001000000000100000000111111111110011111111111111110011111111111000000011111111111100111111111111111100111111111111000000111111111111111111111111111111111111111111110001111111111111111111111111111111111111111111111111111111111111111111111111111111111111111111111111111,Plane Strain,280424459.6,36232802.62,759243670.8,0,0,8869914.64,1e-09,,2240000000,0.49253731,"[2.78695349e+08 2.76541905e+08 2.70062100e+08 2.59204613e+08
 2.43909690e+08 2.24155643e+08 2.00040715e+08 1.71918888e+08
 1.40612975e+08 1.07724276e+08 7.60277016e+07 4.98546653e+07
 3.51980871e+07 3.90774264e+07 6.77310536e+07 1.23863587e+08
 2.04389543e+08 3.00597703e+08 4.01112322e+08 4.95701222e+08
 5.77601708e+08 6.43720526e+08 6.93563690e+08 7.27941740e+08
 7.47986008e+08 7.54562139e+08 7.47986008e+08 7.27941740e+08
 6.93563690e+08 6.43720526e+08 5.77601708e+08 4.95701222e+08
 4.01112322e+08 3.00597703e+08 2.04389543e+08 1.23863587e+08
 6.77310536e+07 3.90774264e+07 3.51980871e+07 4.98546653e+07
 7.60277016e+07 1.07724276e+08 1.40612975e+08 1.71918888e+08
 2.00040715e+08 2.24155643e+08 2.43909690e+08 2.59204613e+08
 2.70062100e+08 2.76541905e+08 2.78695349e+08 2.76541905e+08
 2.70062100e+08 2.59204613e+08 2.43909690e+08 2.24155643e+08
 2.00040715e+08 1.71918888e+08 1.40612975e+08 1.07724276e+08
 7.60277016e+07 4.98546653e+07 3.51980871e+07 3.90774264e+07
 6.77310536e+07 1.23863587e+08 2.04389543e+08 3.00597703e+08
 4.01112322e+08 4.95701222e+08 5.77601708e+08 6.43720526e+08
 6.93563690e+08 7.27941740e+08 7.47986008e+08 7.54562139e+08
 7.47986008e+08 7.27941740e+08 6.93563690e+08 6.43720526e+08
 5.77601708e+08 4.95701222e+08 4.01112322e+08 3.00597703e+08
 2.04389543e+08 1.23863587e+08 6.77310536e+07 3.90774264e+07
 3.51980871e+07 4.98546653e+07 7.60277016e+07 1.07724276e+08
 1.40612975e+08 1.71918888e+08 2.00040715e+08 2.24155643e+08
 2.43909690e+08 2.59204613e+08 2.70062100e+08 2.76541905e+08
 2.78695349e+08]","[0.129207   0.14315917 0.18512392 0.25519759 0.35273733 0.47505766
 0.61562299 0.76230326 0.89706614 0.99885884 1.04999051 1.04301734
 0.98334279 0.88572326 0.76773175 0.64448614 0.5264523  0.41962775
 0.32672726 0.24843526 0.18436035 0.13365436 0.09537465 0.06867988
 0.05292814 0.04772223 0.05292814 0.06867988 0.09537465 0.13365436
 0.18436035 0.24843526 0.32672726 0.41962775 0.5264523  0.64448614
 0.76773175 0.88572326 0.98334279 1.04301734 1.04999051 0.99885884
 0.89706614 0.76230326 0.61562299 0.47505766 0.35273733 0.25519759
 0.18512392 0.14315917 0.129207   0.14315917 0.18512392 0.25519759
 0.35273733 0.47505766 0.61562299 0.76230326 0.89706614 0.99885884
 1.04999051 1.04301734 0.98334279 0.88572326 0.76773175 0.64448614
 0.5264523  0.41962775 0.32672726 0.24843526 0.18436035 0.13365436
 0.09537465 0.06867988 0.05292814 0.04772223 0.05292814 0.06867988
 0.09537465 0.13365436 0.18436035 0.24843526 0.32672726 0.41962775
 0.5264523  0.64448614 0.76773175 0.88572326 0.98334279 1.04301734
 1.04999051 0.99885884 0.89706614 0.76230326 0.61562299 0.47505766
 0.35273733 0.25519759 0.18512392 0.14315917 0.129207  ]"
42533,C2v,50,50,0001111111110000000000000000000000000011111111100000011111111100000000000000000000000000111111111000000111111111000000000000000000000000001111111110001111111111111000000000000000000000000111111111111111111111111111000000000000000000000011111111111111111111111111111000000000000000000001111111111111111111111111111111111111100001111111111111111111111111111111111111111111111000011111111111111111111111111111111111111111111110000111111111111111111111111111111111111111111111100001111111111111111111111111111111111111111111111000011111111111111111111111111111111111111111111100000011111111111111111111111111111111111111111111000000111111111111111111111101111111111111111111110000001111111111111111111110001111111111111111111100000011111111111111111111000001111111111111111111000000111111111111111111100000001111111111111111111111111111111111111111110000000011111111111111111111111111111111111111111100000011111111111111111111111111111111111111111111110000111111111111111111111111111111111111111111111100111111111111111111111111111111111111111111111111111111111111111111111111111111111111111111111111111111111111111111111111111111111111111111111111111111001111111111111111111111111111111111111111111111000011111111111111111111111111111111111111111111110000111111111111111111111111111111111111111111111100001111111111111111111111111111111111111111111111001111111111111111111111111111111111111111111111111111111111111111111111111111111111111111111111111111111111111111111111111111111111111111111111111111110011111111111111111111111111111111111111111111110000111111111111111111111111111111111111111111111100000011111111111111111111111111111111111111111100000000111111111111111111111111111111111111111111000000011111111111111111110000001111111111111111111000001111111111111111111100000011111111111111111111000111111111111111111111000000111111111111111111111011111111111111111111110000001111111111111111111111111111111111111111111100000011111111111111111111111111111111111111111111100001111111111111111111111111111111111111111111111000011111111111111111111111111111111111111111111110000111111111111111111111111111111111111111111111100001111111111111111111111111111111111111111111111000011111111111111111111111111111111111111000000000000000000001111111111111111111111111111100000000000000000000001111111111111111111111111110000000000000000000000001111111111111000111111111000000000000000000000000001111111110000001111111110000000000000000000000000011111111100000011111111100000000000000000000000000111111111000,Plane Strain,938226912.3,313486357.4,1074295017.0,0,0,305537559.9,1e-09,,2240000000,0.49253731,"[8.46749530e+08 8.46168592e+08 8.44474814e+08 8.41813759e+08
 8.38422661e+08 8.34621649e+08 8.30800188e+08 8.27397913e+08
 8.24879362e+08 8.23702879e+08 8.24285043e+08 8.26963223e+08
 8.31960056e+08 8.39354300e+08 8.49062405e+08 8.60834061e+08
 8.74263081e+08 8.88812632e+08 9.03851706e+08 9.18698274e+08
 9.32664162e+08 9.45097251e+08 9.55417890e+08 9.63147881e+08
 9.67931761e+08 9.69550957e+08 9.67931761e+08 9.63147881e+08
 9.55417890e+08 9.45097251e+08 9.32664162e+08 9.18698274e+08
 9.03851706e+08 8.88812632e+08 8.74263081e+08 8.60834061e+08
 8.49062405e+08 8.39354300e+08 8.31960056e+08 8.26963223e+08
 8.24285043e+08 8.23702879e+08 8.24879362e+08 8.27397913e+08
 8.30800188e+08 8.34621649e+08 8.38422661e+08 8.41813759e+08
 8.44474814e+08 8.46168592e+08 8.46749530e+08 8.46168592e+08
 8.44474814e+08 8.41813759e+08 8.38422661e+08 8.34621649e+08
 8.30800188e+08 8.27397913e+08 8.24879362e+08 8.23702879e+08
 8.24285043e+08 8.26963223e+08 8.31960056e+08 8.39354300e+08
 8.49062405e+08 8.60834061e+08 8.74263081e+08 8.88812632e+08
 9.03851706e+08 9.18698274e+08 9.32664162e+08 9.45097251e+08
 9.55417890e+08 9.63147881e+08 9.67931761e+08 9.69550957e+08
 9.67931761e+08 9.63147881e+08 9.55417890e+08 9.45097251e+08
 9.32664162e+08 9.18698274e+08 9.03851706e+08 8.88812632e+08
 8.74263081e+08 8.60834061e+08 8.49062405e+08 8.39354300e+08
 8.31960056e+08 8.26963223e+08 8.24285043e+08 8.23702879e+08
 8.24879362e+08 8.27397913e+08 8.30800188e+08 8.34621649e+08
 8.38422661e+08 8.41813759e+08 8.44474814e+08 8.46168592e+08
 8.46749530e+08]","[0.33412638 0.33484786 0.33695884 0.34030163 0.34462257 0.34958611
 0.35479495 0.35981594 0.36421083 0.36756984 0.36954509 0.36988033
 0.36843327 0.36518758 0.36025318 0.35385506 0.34631261 0.33801275
 0.32938031 0.32084931 0.3128373  0.30572449 0.29983801 0.29544088
 0.29272491 0.29180658 0.29272491 0.29544088 0.29983801 0.30572449
 0.3128373  0.32084931 0.32938031 0.33801275 0.34631261 0.35385506
 0.36025318 0.36518758 0.36843327 0.36988033 0.36954509 0.36756984
 0.36421083 0.35981594 0.35479495 0.34958611 0.34462257 0.34030163
 0.33695884 0.33484786 0.33412638 0.33484786 0.33695884 0.34030163
 0.34462257 0.34958611 0.35479495 0.35981594 0.36421083 0.36756984
 0.36954509 0.36988033 0.36843327 0.36518758 0.36025318 0.35385506
 0.34631261 0.33801275 0.32938031 0.32084931 0.3128373  0.30572449
 0.29983801 0.29544088 0.29272491 0.29180658 0.29272491 0.29544088
 0.29983801 0.30572449 0.3128373  0.32084931 0.32938031 0.33801275
 0.34631261 0.35385506 0.36025318 0.36518758 0.36843327 0.36988033
 0.36954509 0.36756984 0.36421083 0.35981594 0.35479495 0.34958611
 0.34462257 0.34030163 0.33695884 0.33484786 0.33412638]"
11295,C2v,50,50,0000000000000000011111111111111110000000000000000000000000000000000111111111111111100000000000000000000000000000000001111111111111111000000000000000000000000000000000111111111111111111000000000000000000100000000100001111111111111111110000100000000100111000000011000111111111111111111110001100000001111111000000110001111111111111111111100011000000111111110000001110011111111111111111111001110000001111111111111111111111111111111111111111111111111111110111111111111111111111111111111111111111111111111000111111111111111111111111111111111111111111111100001111111111111111111111111111111111111111111111000000000001111111111111111111111111111111100000000000000000011111111111111111111111111111111000000000000000000111111111111111111111111111111110000000000000000001111111111111111111111111111111100000000000000000011111111111111111111111111111111000000000000000000111111111111111111111111111111110000000000000000011111111111111111111111111111111110000000000000000111111111111111111111111111111111100000000000000001111111111111111111111111111111111000000000000011111111111111111111111111111111111111110000000000111111111111111111111111111111111111111100000000001111111111111111111111111111111111111111000000000011111111111111111111111111111111111111110000000000111111111111111111111111111111111111111100000000001111111111111111111111111111111111111111000000000011111111111111111111111111111111111111110000000000111111111111111111111111111111111111111100000000000001111111111111111111111111111111111000000000000000011111111111111111111111111111111110000000000000000111111111111111111111111111111111100000000000000000111111111111111111111111111111110000000000000000001111111111111111111111111111111100000000000000000011111111111111111111111111111111000000000000000000111111111111111111111111111111110000000000000000001111111111111111111111111111111100000000000000000011111111111111111111111111111111000000000001111111111111111111111111111111111111111111111000011111111111111111111111111111111111111111111110001111111111111111111111111111111111111111111111110111111111111111111111111111111111111111111111111111111000000111001111111111111111111100111000000111111110000001100011111111111111111111000110000001111111000000011000111111111111111111110001100000001110010000000010000111111111111111111000010000000010000000000000000001111111111111111110000000000000000000000000000000001111111111111111000000000000000000000000000000000011111111111111110000000000000000000000000000000000111111111111111100000000000000000,Plane Strain,262715971.3,20824374.8,875618643.1,0,0,19926375.52,1e-09,,2240000000,0.49253731,"[2.62220716e+08 2.60430020e+08 2.55048459e+08 2.46053758e+08
 2.33430945e+08 2.17211736e+08 1.97542911e+08 1.74798646e+08
 1.49756541e+08 1.23856743e+08 9.95458996e+07 8.06485293e+07
 7.25768136e+07 8.19911939e+07 1.15413168e+08 1.76656699e+08
 2.64061351e+08 3.69597704e+08 4.81190533e+08 5.86980444e+08
 6.78662294e+08 7.52328995e+08 8.07410799e+08 8.45061333e+08
 8.66849719e+08 8.73967984e+08 8.66849719e+08 8.45061333e+08
 8.07410799e+08 7.52328995e+08 6.78662294e+08 5.86980444e+08
 4.81190533e+08 3.69597704e+08 2.64061351e+08 1.76656699e+08
 1.15413168e+08 8.19911939e+07 7.25768136e+07 8.06485293e+07
 9.95458996e+07 1.23856743e+08 1.49756541e+08 1.74798646e+08
 1.97542911e+08 2.17211736e+08 2.33430945e+08 2.46053758e+08
 2.55048459e+08 2.60430020e+08 2.62220716e+08 2.60430020e+08
 2.55048459e+08 2.46053758e+08 2.33430945e+08 2.17211736e+08
 1.97542911e+08 1.74798646e+08 1.49756541e+08 1.23856743e+08
 9.95458996e+07 8.06485293e+07 7.25768136e+07 8.19911939e+07
 1.15413168e+08 1.76656699e+08 2.64061351e+08 3.69597704e+08
 4.81190533e+08 5.86980444e+08 6.78662294e+08 7.52328995e+08
 8.07410799e+08 8.45061333e+08 8.66849719e+08 8.73967984e+08
 8.66849719e+08 8.45061333e+08 8.07410799e+08 7.52328995e+08
 6.78662294e+08 5.86980444e+08 4.81190533e+08 3.69597704e+08
 2.64061351e+08 1.76656699e+08 1.15413168e+08 8.19911939e+07
 7.25768136e+07 8.06485293e+07 9.95458996e+07 1.23856743e+08
 1.49756541e+08 1.74798646e+08 1.97542911e+08 2.17211736e+08
 2.33430945e+08 2.46053758e+08 2.55048459e+08 2.60430020e+08
 2.62220716e+08]","[0.07926574 0.09503826 0.14242326 0.22130739 0.33040676 0.4655625
 0.61758242 0.77065463 0.90326608 0.99325351 1.02572344 0.99893599
 0.92377265 0.81770337 0.69803749 0.57799429 0.46588092 0.36599255
 0.2799502  0.20784173 0.1490073  0.10251787 0.06744214 0.04298485
 0.0285526  0.02378247 0.0285526  0.04298485 0.06744214 0.10251787
 0.1490073  0.20784173 0.2799502  0.36599255 0.46588092 0.57799429
 0.69803749 0.81770337 0.92377265 0.99893599 1.02572344 0.99325351
 0.90326608 0.77065463 0.61758242 0.4655625  0.33040676 0.22130739
 0.14242326 0.09503826 0.07926574 0.09503826 0.14242326 0.22130739
 0.33040676 0.4655625  0.61758242 0.77065463 0.90326608 0.99325351
 1.02572344 0.99893599 0.92377265 0.81770337 0.69803749 0.57799429
 0.46588092 0.36599255 0.2799502  0.20784173 0.1490073  0.10251787
 0.06744214 0.04298485 0.0285526  0.02378247 0.0285526  0.04298485
 0.06744214 0.10251787 0.1490073  0.20784173 0.2799502  0.36599255
 0.46588092 0.57799429 0.69803749 0.81770337 0.92377265 0.99893599
 1.02572344 0.99325351 0.90326608 0.77065463 0.61758242 0.4655625
 0.33040676 0.22130739 0.14242326 0.09503826 0.07926574]"
23525,C2v,50,50,0000111111111111111111111111111111111111111111000000001111111111111111111111111111111111111111110000000011111111111111111111111111111111111111111100000001111111111111111111111111111111111111111111100000011111111111111111111111111111111111111111111000001111111111111111111111111111111111111111111111000001111111111111111111111111111111111111111111100000011111111111111111111111111111111111111111111000001111111111111111111111111111111111111111111111000011111111111111111111111111111111111111111111110001111111111111111111111111111111111111111111111110011111111111111111111111111111111111111111111111100111111111111111111111111111111111111111111111111001111111111111111111111111111111111111111111111110011111111111111111100000000000011111111111111111100111111111111111111000000000000111111111111111111001111111111111111110000000000001111111111111111110011111111111111111100000000000011111111111111111100111111111111111111000000000000111111111111111111001111111111111111110000000000001111111111111111110011111111000000111100000000000011110000001111111100111111100000000111000000000000111000000001111111011111111000000001110000000000001110000000011111111111111000000000000000000000000000000000000001111111111110000000000000000000000000000000000000011111111111100000000000000000000000000000000000000111111111111000000000000000000000000000000000000001111111111111100000000111000000000000111000000001111111101111111000000001110000000000001110000000011111110011111111000000111100000000000011110000001111111100111111111111111111000000000000111111111111111111001111111111111111110000000000001111111111111111110011111111111111111100000000000011111111111111111100111111111111111111000000000000111111111111111111001111111111111111110000000000001111111111111111110011111111111111111100000000000011111111111111111100111111111111111111111111111111111111111111111111001111111111111111111111111111111111111111111111110011111111111111111111111111111111111111111111111100111111111111111111111111111111111111111111111111000111111111111111111111111111111111111111111111100001111111111111111111111111111111111111111111111000001111111111111111111111111111111111111111111100000011111111111111111111111111111111111111111111000001111111111111111111111111111111111111111111111000001111111111111111111111111111111111111111111100000011111111111111111111111111111111111111111111000000011111111111111111111111111111111111111111100000000111111111111111111111111111111111111111111000000001111111111111111111111111111111111111111110000,Plane Strain,317133737.7,257164108.8,689953367.6,0,0,245115162.1,1e-09,,2240000000,0.49253731,"[2.21281783e+08 2.26150268e+08 2.40437616e+08 2.63231730e+08
 2.93142614e+08 3.28464614e+08 3.67350052e+08 4.07963348e+08
 4.48595900e+08 4.87735009e+08 5.24090659e+08 5.56590195e+08
 5.84353170e+08 6.06658413e+08 6.22914335e+08 6.32642982e+08
 6.35489034e+08 6.31266665e+08 6.20058145e+08 6.02373889e+08
 5.79365913e+08 5.53044682e+08 5.26381492e+08 5.03117084e+08
 4.87128408e+08 4.81418699e+08 4.87128408e+08 5.03117084e+08
 5.26381492e+08 5.53044682e+08 5.79365913e+08 6.02373889e+08
 6.20058145e+08 6.31266665e+08 6.35489034e+08 6.32642982e+08
 6.22914335e+08 6.06658413e+08 5.84353170e+08 5.56590195e+08
 5.24090659e+08 4.87735009e+08 4.48595900e+08 4.07963348e+08
 3.67350052e+08 3.28464614e+08 2.93142614e+08 2.63231730e+08
 2.40437616e+08 2.26150268e+08 2.21281783e+08 2.26150268e+08
 2.40437616e+08 2.63231730e+08 2.93142614e+08 3.28464614e+08
 3.67350052e+08 4.07963348e+08 4.48595900e+08 4.87735009e+08
 5.24090659e+08 5.56590195e+08 5.84353170e+08 6.06658413e+08
 6.22914335e+08 6.32642982e+08 6.35489034e+08 6.31266665e+08
 6.20058145e+08 6.02373889e+08 5.79365913e+08 5.53044682e+08
 5.26381492e+08 5.03117084e+08 4.87128408e+08 4.81418699e+08
 4.87128408e+08 5.03117084e+08 5.26381492e+08 5.53044682e+08
 5.79365913e+08 6.02373889e+08 6.20058145e+08 6.31266665e+08
 6.35489034e+08 6.32642982e+08 6.22914335e+08 6.06658413e+08
 5.84353170e+08 5.56590195e+08 5.24090659e+08 4.87735009e+08
 4.48595900e+08 4.07963348e+08 3.67350052e+08 3.28464614e+08
 2.93142614e+08 2.63231730e+08 2.40437616e+08 2.26150268e+08
 2.21281783e+08]","[0.81090114 0.79636134 0.75521981 0.69399697 0.62109606 0.54459916
 0.47088813 0.40423343 0.34702776 0.30027387 0.26406978 0.23798332
 0.22129957 0.21316296 0.2126443  0.21875925 0.23045886 0.24660771
 0.26596283 0.28716514 0.30875402 0.3292134  0.34705252 0.36091649
 0.36971223 0.3727268  0.36971223 0.36091649 0.34705252 0.3292134
 0.30875402 0.28716514 0.26596283 0.24660771 0.23045886 0.21875925
 0.2126443  0.21316296 0.22129957 0.23798332 0.26406978 0.30027387
 0.34702776 0.40423343 0.47088813 0.54459916 0.62109606 0.69399697
 0.75521981 0.79636134 0.81090114 0.79636134 0.75521981 0.69399697
 0.62109606 0.54459916 0.47088813 0.40423343 0.34702776 0.30027387
 0.26406978 0.23798332 0.22129957 0.21316296 0.2126443  0.21875925
 0.23045886 0.24660771 0.26596283 0.28716514 0.30875402 0.3292134
 0.34705252 0.36091649 0.36971223 0.3727268  0.36971223 0.36091649
 0.34705252 0.3292134  0.30875402 0.28716514 0.26596283 0.24660771
 0.23045886 0.21875925 0.2126443  0.21316296 0.22129957 0.23798332
 0.26406978 0.30027387 0.34702776 0.40423343 0.47088813 0.54459916
 0.62109606 0.69399697 0.75521981 0.79636134 0.81090114]"
49168,C2v,50,50,0000000000000000001111000000111100000000000000000000000000000000000011111000011111000000000000000000000000000000000011111111111111111100000000000000000000000000000000111111111111111111000000000000000000000000000000001111111111111111110000000000000000000000000000000011111111111111111100000000000000000000000000000000111111111111111111000000000000000000000000000000001111111111111111110000000000000000000000000000000011111111111111111100000000000000000000000000000000111111111111111111000000000000000000000000000000000011111111111111000000000000000000000000000000000000111111111111110000000000000000000000000000000000111111111111111111000000000000000000000000000000001111111111111111110000000000000000000000000000000011111111111111111100000000000000000000000000000000111111111111111111000000000000000000000000000000011111111111111111111000000000000000000000000000001111111111111111111111000000000000000000000000001111111111111111111111111100000000000000000000000111111111111111111111111111100000000000000000111111111111111111111111111111111111110000000001111111111111111111111111111111111111111111100000011111111111111111111111111111111111111111111000001111111111111111111111111111111111111111111111001111111111111111111111111111111111111111111111111111111111111111111111111111111111111111111111111111001111111111111111111111111111111111111111111111000001111111111111111111111111111111111111111111100000011111111111111111111111111111111111111111111000000000111111111111111111111111111111111111110000000000000000011111111111111111111111111110000000000000000000000011111111111111111111111111000000000000000000000000001111111111111111111111000000000000000000000000000001111111111111111111100000000000000000000000000000001111111111111111110000000000000000000000000000000011111111111111111100000000000000000000000000000000111111111111111111000000000000000000000000000000001111111111111111110000000000000000000000000000000000111111111111110000000000000000000000000000000000001111111111111100000000000000000000000000000000001111111111111111110000000000000000000000000000000011111111111111111100000000000000000000000000000000111111111111111111000000000000000000000000000000001111111111111111110000000000000000000000000000000011111111111111111100000000000000000000000000000000111111111111111111000000000000000000000000000000001111111111111111110000000000000000000000000000000011111111111111111100000000000000000000000000000000001111100001111100000000000000000000000000000000000011110000001111000000000000000000,Plane Strain,291026678.3,42703810.01,593451956.2,0,0,27606394.58,1e-09,,2240000000,0.49253731,"[2.87953784e+08 2.86017263e+08 2.80205632e+08 2.70521199e+08
 2.56997946e+08 2.39752813e+08 2.19069236e+08 1.95522439e+08
 1.70151643e+08 1.44667315e+08 1.21641678e+08 1.04563366e+08
 9.75668258e+07 1.04658325e+08 1.28476853e+08 1.69049570e+08
 2.23299046e+08 2.85768286e+08 3.50222559e+08 4.11226299e+08
 4.64998271e+08 5.09464148e+08 5.43835059e+08 5.68070996e+08
 5.82433283e+08 5.87185811e+08 5.82433283e+08 5.68070996e+08
 5.43835059e+08 5.09464148e+08 4.64998271e+08 4.11226299e+08
 3.50222559e+08 2.85768286e+08 2.23299046e+08 1.69049570e+08
 1.28476853e+08 1.04658325e+08 9.75668258e+07 1.04563366e+08
 1.21641678e+08 1.44667315e+08 1.70151643e+08 1.95522439e+08
 2.19069236e+08 2.39752813e+08 2.56997946e+08 2.70521199e+08
 2.80205632e+08 2.86017263e+08 2.87953784e+08 2.86017263e+08
 2.80205632e+08 2.70521199e+08 2.56997946e+08 2.39752813e+08
 2.19069236e+08 1.95522439e+08 1.70151643e+08 1.44667315e+08
 1.21641678e+08 1.04563366e+08 9.75668258e+07 1.04658325e+08
 1.28476853e+08 1.69049570e+08 2.23299046e+08 2.85768286e+08
 3.50222559e+08 4.11226299e+08 4.64998271e+08 5.09464148e+08
 5.43835059e+08 5.68070996e+08 5.82433283e+08 5.87185811e+08
 5.82433283e+08 5.68070996e+08 5.43835059e+08 5.09464148e+08
 4.64998271e+08 4.11226299e+08 3.50222559e+08 2.85768286e+08
 2.23299046e+08 1.69049570e+08 1.28476853e+08 1.04658325e+08
 9.75668258e+07 1.04563366e+08 1.21641678e+08 1.44667315e+08
 1.70151643e+08 1.95522439e+08 2.19069236e+08 2.39752813e+08
 2.56997946e+08 2.70521199e+08 2.80205632e+08 2.86017263e+08
 2.87953784e+08]","[0.14673504 0.15684247 0.1871128  0.23726505 0.30640482 0.39237372
 0.49089751 0.59478375 0.69369945 0.77522198 0.82749364 0.84273623
 0.81981455 0.76426508 0.68587714 0.59543313 0.50223807 0.41304129
 0.33205619 0.26151183 0.20230764 0.15456517 0.11802333 0.09229491
 0.0770211  0.07195833 0.0770211  0.09229491 0.11802333 0.15456517
 0.20230764 0.26151183 0.33205619 0.41304129 0.50223807 0.59543313
 0.68587714 0.76426508 0.81981455 0.84273623 0.82749364 0.77522198
 0.69369945 0.59478375 0.49089751 0.39237372 0.30640482 0.23726505
 0.1871128  0.15684247 0.14673504 0.15684247 0.1871128  0.23726505
 0.30640482 0.39237372 0.49089751 0.59478375 0.69369945 0.77522198
 0.82749364 0.84273623 0.81981455 0.76426508 0.68587714 0.59543313
 0.50223807 0.41304129 0.33205619 0.26151183 0.20230764 0.15456517
 0.11802333 0.09229491 0.0770211  0.07195833 0.0770211  0.09229491
 0.11802333 0.15456517 0.20230764 0.26151183 0.33205619 0.41304129
 0.50223807 0.59543313 0.68587714 0.76426508 0.81981455 0.84273623
 0.82749364 0.77522198 0.69369945 0.59478375 0.49089751 0.39237372
 0.30640482 0.23726505 0.1871128  0.15684247 0.14673504]"
8511,C2v,50,50,1111111111111111111111111111111111111111111111111111111111111111111111111111111111111111111111111111001111111111111111111111111111111111111111111111000001111111111111111111111111111111111111111111100000011111111111111111111111111111111111111111111000000111111111111111111111111111111111111111111110000000001111111111111111111111111111111111111100000000000011111111111111111111111111111111111111000000000000111111111111111111111111111111111111110000000000001111111111111111111111111111111111111100000000000011111111111111111111111111111111111111000000000000111111111111111111111111111111111111110000000000001111111111111111111111111111111111111100000000000011111111111111111111111111111111111111000000000001111111111111111111111111111111111111111000000000011111111111111111111111111111111111111110000000000111111111111111111111111111111111111111100000000011111111111111111111111111111111111111111100000011111111111111111111111111111111111111111111110000110011111111111111111111111111111111111111001100001000111111111111111111111111111111111111110001000010001111111111111111111111111111111111111100010000000011111111111111111111111111111111111111000000000000111111111111111111111111111111111111110000000000011111111111111111111111111111111111111110000000000111111111111111111111111111111111111111100000000000111111111111111111111111111111111111110000000000001111111111111111111111111111111111111100000000100011111111111111111111111111111111111111000100001000111111111111111111111111111111111111110001000011001111111111111111111111111111111111111100110000111111111111111111111111111111111111111111111100000011111111111111111111111111111111111111111100000000011111111111111111111111111111111111111110000000000111111111111111111111111111111111111111100000000001111111111111111111111111111111111111111000000000001111111111111111111111111111111111111100000000000011111111111111111111111111111111111111000000000000111111111111111111111111111111111111110000000000001111111111111111111111111111111111111100000000000011111111111111111111111111111111111111000000000000111111111111111111111111111111111111110000000000001111111111111111111111111111111111111100000000000011111111111111111111111111111111111111000000000111111111111111111111111111111111111111111110000001111111111111111111111111111111111111111111100000011111111111111111111111111111111111111111111000001111111111111111111111111111111111111111111111001111111111111111111111111111111111111111111111111111111111111111111111111111111111111111111111111111,Plane Strain,461329805.3,143279390.4,1589097783.0,0,0,126504159.6,1e-09,,2240000000,0.49253731,"[4.48411164e+08 4.46929574e+08 4.42533952e+08 4.35380573e+08
 4.25760127e+08 4.14145716e+08 4.01264656e+08 3.88196575e+08
 3.76496517e+08 3.68331899e+08 3.66602394e+08 3.74979010e+08
 3.97756819e+08 4.39387139e+08 5.03590595e+08 5.92117085e+08
 7.03514944e+08 8.32531792e+08 9.70682746e+08 1.10795239e+09
 1.23490584e+09 1.34427148e+09 1.43148563e+09 1.49431733e+09
 1.53203987e+09 1.54459820e+09 1.53203987e+09 1.49431733e+09
 1.43148563e+09 1.34427148e+09 1.23490584e+09 1.10795239e+09
 9.70682746e+08 8.32531792e+08 7.03514944e+08 5.92117085e+08
 5.03590595e+08 4.39387139e+08 3.97756819e+08 3.74979010e+08
 3.66602394e+08 3.68331899e+08 3.76496517e+08 3.88196575e+08
 4.01264656e+08 4.14145716e+08 4.25760127e+08 4.35380573e+08
 4.42533952e+08 4.46929574e+08 4.48411164e+08 4.46929574e+08
 4.42533952e+08 4.35380573e+08 4.25760127e+08 4.14145716e+08
 4.01264656e+08 3.88196575e+08 3.76496517e+08 3.68331899e+08
 3.66602394e+08 3.74979010e+08 3.97756819e+08 4.39387139e+08
 5.03590595e+08 5.92117085e+08 7.03514944e+08 8.32531792e+08
 9.70682746e+08 1.10795239e+09 1.23490584e+09 1.34427148e+09
 1.43148563e+09 1.49431733e+09 1.53203987e+09 1.54459820e+09
 1.53203987e+09 1.49431733e+09 1.43148563e+09 1.34427148e+09
 1.23490584e+09 1.10795239e+09 9.70682746e+08 8.32531792e+08
 7.03514944e+08 5.92117085e+08 5.03590595e+08 4.39387139e+08
 3.97756819e+08 3.74979010e+08 3.66602394e+08 3.68331899e+08
 3.76496517e+08 3.88196575e+08 4.01264656e+08 4.14145716e+08
 4.25760127e+08 4.35380573e+08 4.42533952e+08 4.46929574e+08
 4.48411164e+08]","[0.31057909 0.32163059 0.35406663 0.40560501 0.4720891  0.54721084
 0.62261681 0.68875438 0.73654557 0.7594421  0.75497187 0.72501017
 0.67471683 0.61078989 0.53985042 0.46743203 0.39761309 0.33308859
 0.27544745 0.22549174 0.18351604 0.14952093 0.12336312 0.10485491
 0.09382668 0.09016399 0.09382668 0.10485491 0.12336312 0.14952093
 0.18351604 0.22549174 0.27544745 0.33308859 0.39761309 0.46743203
 0.53985042 0.61078989 0.67471683 0.72501017 0.75497187 0.7594421
 0.73654557 0.68875438 0.62261681 0.54721084 0.4720891  0.40560501
 0.35406663 0.32163059 0.31057909 0.32163059 0.35406663 0.40560501
 0.4720891  0.54721084 0.62261681 0.68875438 0.73654557 0.7594421
 0.75497187 0.72501017 0.67471683 0.61078989 0.53985042 0.46743203
 0.39761309 0.33308859 0.27544745 0.22549174 0.18351604 0.14952093
 0.12336312 0.10485491 0.09382668 0.09016399 0.09382668 0.10485491
 0.12336312 0.14952093 0.18351604 0.22549174 0.27544745 0.33308859
 0.39761309 0.46743203 0.53985042 0.61078989 0.67471683 0.72501017
 0.75497187 0.7594421  0.73654557 0.68875438 0.62261681 0.54721084
 0.4720891  0.40560501 0.35406663 0.32163059 0.31057909]"
5463,C2v,50,50,0000011111111111111111111111111111111111111110000000000011111111111111111111111111111111111111000000000000001111111111111111111111111111111111000000000000000011111111111111111111111111111111110000000000000000111111111111111111111111111111111100000000000000000111111111111111111111111111111110000000001111110001111111111111111111111111111111100011111111111100011111111111111111111111111111111000111111111111000111111111111111111111111111111110001111111111111111111111111111111111111111111111111111111111111111111111111111111111111111111111111111111111111111111111111111111111111111111111111111111111111111111111111111111111111111111111111111111111111111111111111111111111111111111111111111111111111111111111111111111111111111111111111111111111111111111111111111111111111111111111111111111111111111111111111111111111111111111111111111111111111111111111111111111111111111111111111111111111111111111111111111111111111111111111111111111111111111111111111111111111111111111111111111111111111111111111111111011111111111111111111111111111111111111111111111100011111111111111111111111111111111111111111111110000111111111111111111111111111111111111111111111100000111111111111111111111111111111111111111111110000001111111111111111111111111111111111111111111100000011111111111111111111111111111111111111111111000000111111111111111111111111111111111111111111110000011111111111111111111111111111111111111111111110000111111111111111111111111111111111111111111111100011111111111111111111111111111111111111111111111101111111111111111111111111111111111111111111111111111111111111111111111111111111111111111111111111111111111111111111111111111111111111111111111111111111111111111111111111111111111111111111111111111111111111111111111111111111111111111111111111111111111111111111111111111111111111111111111111111111111111111111111111111111111111111111111111111111111111111111111111111111111111111111111111111111111111111111111111111111111111111111111111111111111111111111111111111111111111111111111111111111111111111111111111111111111111111111111111111111111111111111111111111000111111111111111111111111111111110001111111111110001111111111111111111111111111111100011111111111100011111111111111111111111111111111000111111000000000111111111111111111111111111111110000000000000000011111111111111111111111111111111110000000000000000111111111111111111111111111111111100000000000000001111111111111111111111111111111111000000000000001111111111111111111111111111111111111100000000000111111111111111111111111111111111111111100000,Plane Strain,1370957618.0,344197546.4,1520949414.0,0,0,358439522.1,1e-09,,2240000000,0.49253731,"[1.29306420e+09 1.28906964e+09 1.27724976e+09 1.25810492e+09
 1.23249676e+09 1.20168055e+09 1.16733172e+09 1.13154679e+09
 1.09679490e+09 1.06579689e+09 1.04131903e+09 1.02588911e+09
 1.02147229e+09 1.02917120e+09 1.04902573e+09 1.07997085e+09
 1.11996882e+09 1.16628117e+09 1.21580982e+09 1.26542920e+09
 1.31225047e+09 1.35379157e+09 1.38805673e+09 1.41354813e+09
 1.42923888e+09 1.43453394e+09 1.42923888e+09 1.41354813e+09
 1.38805673e+09 1.35379157e+09 1.31225047e+09 1.26542920e+09
 1.21580982e+09 1.16628117e+09 1.11996882e+09 1.07997085e+09
 1.04902573e+09 1.02917120e+09 1.02147229e+09 1.02588911e+09
 1.04131903e+09 1.06579689e+09 1.09679490e+09 1.13154679e+09
 1.16733172e+09 1.20168055e+09 1.23249676e+09 1.25810492e+09
 1.27724976e+09 1.28906964e+09 1.29306420e+09 1.28906964e+09
 1.27724976e+09 1.25810492e+09 1.23249676e+09 1.20168055e+09
 1.16733172e+09 1.13154679e+09 1.09679490e+09 1.06579689e+09
 1.04131903e+09 1.02588911e+09 1.02147229e+09 1.02917120e+09
 1.04902573e+09 1.07997085e+09 1.11996882e+09 1.16628117e+09
 1.21580982e+09 1.26542920e+09 1.31225047e+09 1.35379157e+09
 1.38805673e+09 1.41354813e+09 1.42923888e+09 1.43453394e+09
 1.42923888e+09 1.41354813e+09 1.38805673e+09 1.35379157e+09
 1.31225047e+09 1.26542920e+09 1.21580982e+09 1.16628117e+09
 1.11996882e+09 1.07997085e+09 1.04902573e+09 1.02917120e+09
 1.02147229e+09 1.02588911e+09 1.04131903e+09 1.06579689e+09
 1.09679490e+09 1.13154679e+09 1.16733172e+09 1.20168055e+09
 1.23249676e+09 1.25810492e+09 1.27724976e+09 1.28906964e+09
 1.29306420e+09]","[0.25106359 0.25371855 0.26156608 0.27424891 0.29115616 0.31140814
 0.33385061 0.35707323 0.37946715 0.39933239 0.41503405 0.42518941
 0.42885116 0.42564306 0.41581172 0.40018011 0.38001703 0.35685874
 0.33232588 0.30797014 0.28516896 0.26506963 0.24857335 0.23634513
 0.2288357  0.2263044  0.2288357  0.23634513 0.24857335 0.26506963
 0.28516896 0.30797014 0.33232588 0.35685874 0.38001703 0.40018011
 0.41581172 0.42564306 0.42885116 0.42518941 0.41503405 0.39933239
 0.37946715 0.35707323 0.33385061 0.31140814 0.29115616 0.27424891
 0.26156608 0.25371855 0.25106359 0.25371855 0.26156608 0.27424891
 0.29115616 0.31140814 0.33385061 0.35707323 0.37946715 0.39933239
 0.41503405 0.42518941 0.42885116 0.42564306 0.41581172 0.40018011
 0.38001703 0.35685874 0.33232588 0.30797014 0.28516896 0.26506963
 0.24857335 0.23634513 0.2288357  0.2263044  0.2288357  0.23634513
 0.24857335 0.26506963 0.28516896 0.30797014 0.33232588 0.35685874
 0.38001703 0.40018011 0.41581172 0.42564306 0.42885116 0.42518941
 0.41503405 0.39933239 0.37946715 0.35707323 0.33385061 0.31140814
 0.29115616 0.27424891 0.26156608 0.25371855 0.25106359]"
75951,C2v,50,50,1111000000000000000000000000000000000000000000111111110000000000000000000000000000000000000000001111000110000000000000000000000000000000000000000110000001100000000000000000000000000000000000000001100000011000000000000000000000000000000000000000011000000110000000000000000000000000000000000000000110000001110000000000000000000000000000000000000011100000011110000000000000000000000000000000000001111000000111111110000000000000000000000000000111111110000011111111111111111111111111111111111111111111110000111111111111111111111111111111111111111111111100000001111111111111111111111111111111111111111000000000011111111111111111111111111111111111111110000000000111111111111111111111111111111111111111100000000001111111111111111111111111111111111111111000000000011111111111111111111111111111111111111110000000000111111111111111111111111111111111111111100000000001111111111111111111111111111111111111111000000000011111111111111111111111111111111111111110000000000111111111111111111111111111111111111111100000000001111111111111111111111111111111111111111000000000011111111111111111111111111111111111111110000000000111111111111111111111111111111111111111100000000001111111111111111111111111111111111111111000000000011111111111111111111111111111111111111110000000000111111111111111111111111111111111111111100000000001111111111111111111111111111111111111111000000000011111111111111111111111111111111111111110000000000111111111111111111111111111111111111111100000000001111111111111111111111111111111111111111000000000011111111111111111111111111111111111111110000000000111111111111111111111111111111111111111100000000001111111111111111111111111111111111111111000000000011111111111111111111111111111111111111110000000000111111111111111111111111111111111111111100000000001111111111111111111111111111111111111111000000000011111111111111111111111111111111111111110000000000111111111111111111111111111111111111111100000000001111111111111111111111111111111111111111000000011111111111111111111111111111111111111111111110000111111111111111111111111111111111111111111111100000111111110000000000000000000000000000111111110000001111000000000000000000000000000000000000111100000011100000000000000000000000000000000000000111000000110000000000000000000000000000000000000000110000001100000000000000000000000000000000000000001100000011000000000000000000000000000000000000000011000000110000000000000000000000000000000000000000110001111000000000000000000000000000000000000000000111111110000000000000000000000000000000000000000001111,Plane Strain,44001974.24,64470056.02,225927198.6,0,0,37100908.04,1e-09,,2240000000,0.49253731,"[2.56049501e+07 2.63117937e+07 2.84174079e+07 3.18772984e+07
 3.66181465e+07 4.25390160e+07 4.95129442e+07 5.73888269e+07
 6.59934894e+07 7.51338321e+07 8.45989454e+07 9.41621218e+07
 1.03582762e+08 1.12608319e+08 1.20976679e+08 1.28419867e+08
 1.34670771e+08 1.39475834e+08 1.42618411e+08 1.43958983e+08
 1.43497616e+08 1.41455904e+08 1.38353289e+08 1.35016449e+08
 1.32439345e+08 1.31468070e+08 1.32439345e+08 1.35016449e+08
 1.38353289e+08 1.41455904e+08 1.43497616e+08 1.43958983e+08
 1.42618411e+08 1.39475834e+08 1.34670771e+08 1.28419867e+08
 1.20976679e+08 1.12608319e+08 1.03582762e+08 9.41621218e+07
 8.45989454e+07 7.51338321e+07 6.59934894e+07 5.73888269e+07
 4.95129442e+07 4.25390160e+07 3.66181465e+07 3.18772984e+07
 2.84174079e+07 2.63117937e+07 2.56049501e+07 2.63117937e+07
 2.84174079e+07 3.18772984e+07 3.66181465e+07 4.25390160e+07
 4.95129442e+07 5.73888269e+07 6.59934894e+07 7.51338321e+07
 8.45989454e+07 9.41621218e+07 1.03582762e+08 1.12608319e+08
 1.20976679e+08 1.28419867e+08 1.34670771e+08 1.39475834e+08
 1.42618411e+08 1.43958983e+08 1.43497616e+08 1.41455904e+08
 1.38353289e+08 1.35016449e+08 1.32439345e+08 1.31468070e+08
 1.32439345e+08 1.35016449e+08 1.38353289e+08 1.41455904e+08
 1.43497616e+08 1.43958983e+08 1.42618411e+08 1.39475834e+08
 1.34670771e+08 1.28419867e+08 1.20976679e+08 1.12608319e+08
 1.03582762e+08 9.41621218e+07 8.45989454e+07 7.51338321e+07
 6.59934894e+07 5.73888269e+07 4.95129442e+07 4.25390160e+07
 3.66181465e+07 3.18772984e+07 2.84174079e+07 2.63117937e+07
 2.56049501e+07]","[1.46516281 1.44007376 1.37001112 1.26812272 1.15006565 1.02926617
 0.91480835 0.81156335 0.72132068 0.64400047 0.57856934 0.52361799
 0.47768147 0.4393953  0.40755773 0.38114318 0.35929269 0.34129546
 0.32656842 0.31463722 0.30511984 0.29771308 0.2921819  0.28835127
 0.28610021 0.28535766 0.28610021 0.28835127 0.2921819  0.29771308
 0.30511984 0.31463722 0.32656842 0.34129546 0.35929269 0.38114318
 0.40755773 0.4393953  0.47768147 0.52361799 0.57856934 0.64400047
 0.72132068 0.81156335 0.91480835 1.02926617 1.15006565 1.26812272
 1.37001112 1.44007376 1.46516281 1.44007376 1.37001112 1.26812272
 1.15006565 1.02926617 0.91480835 0.81156335 0.72132068 0.64400047
 0.57856934 0.52361799 0.47768147 0.4393953  0.40755773 0.38114318
 0.35929269 0.34129546 0.32656842 0.31463722 0.30511984 0.29771308
 0.2921819  0.28835127 0.28610021 0.28535766 0.28610021 0.28835127
 0.2921819  0.29771308 0.30511984 0.31463722 0.32656842 0.34129546
 0.35929269 0.38114318 0.40755773 0.4393953  0.47768147 0.52361799
 0.57856934 0.64400047 0.72132068 0.81156335 0.91480835 1.02926617
 1.15006565 1.26812272 1.37001112 1.44007376 1.46516281]"
29551,C2v,50,50,0000000000000111111111111111111111111000000000000000000000000001111111111111111111111110000000000000000000000000011111111111111111111111100000000000000000000000000111111111111111111111111000000000000000000000000001111111111111111111111110000000000000000000000000011111111111111111111111100000000000000000000000000111111111111111111111111000000000000000000000000011111111111111111111111111000000000000000000000000111111111111111111111111110000000000000000000000001111111111111111111111111100000000000000000000000011111111111111111111111111000000000000000111111111111111111111111111111111111111111110000001111111111111111111111111111111111111111111100000011111111111111111111111111111111111111111111000000111111111000000000000000000000000001111111110000001111111110000000000000000000000000011111111100000011111111100000000000000000000000000111111111000000111111110000000000000000000000000000111111110000011111111100000000000000000000000000001111111110000111111111000000000000000000000000000011111111100111111111110000000000000000000000000000111111111111111111111100000000000000000000000000001111111111111111111111000000000000000000000000000011111111111111111111110000000000000000000000000000111111111111111111111100000000000000000000000000001111111111111111111111000000000000000000000000000011111111111111111111110000000000000000000000000000111111111111111111111100000000000000000000000000001111111111111111111111000000000000000000000000000011111111111111111111110000000000000000000000000000111111111110011111111100000000000000000000000000001111111110000111111111000000000000000000000000000011111111100000111111110000000000000000000000000000111111110000001111111110000000000000000000000000011111111100000011111111100000000000000000000000000111111111000000111111111000000000000000000000000001111111110000001111111111111111111111111111111111111111111100000011111111111111111111111111111111111111111111000000111111111111111111111111111111111111111111110000000000000001111111111111111111111111100000000000000000000000011111111111111111111111111000000000000000000000000111111111111111111111111110000000000000000000000001111111111111111111111111100000000000000000000000001111111111111111111111110000000000000000000000000011111111111111111111111100000000000000000000000000111111111111111111111111000000000000000000000000001111111111111111111111110000000000000000000000000011111111111111111111111100000000000000000000000000111111111111111111111111000000000000000000000000001111111111111111111111110000000000000,Plane Strain,238470086.5,156033021.5,263554473.8,0,0,166587220.2,1e-09,,2240000000,0.49253731,"[1.46093344e+08 1.50867208e+08 1.64530082e+08 1.85299483e+08
 2.10749389e+08 2.38352452e+08 2.65888500e+08 2.91643436e+08
 3.14429125e+08 3.33498749e+08 3.48425561e+08 3.58987367e+08
 3.65075706e+08 3.66634639e+08 3.63628365e+08 3.56036482e+08
 3.43877902e+08 3.27267117e+08 3.06507425e+08 2.82221409e+08
 2.55504351e+08 2.28057056e+08 2.02214857e+08 1.80764807e+08
 1.66482634e+08 1.61460730e+08 1.66482634e+08 1.80764807e+08
 2.02214857e+08 2.28057056e+08 2.55504351e+08 2.82221409e+08
 3.06507425e+08 3.27267117e+08 3.43877902e+08 3.56036482e+08
 3.63628365e+08 3.66634639e+08 3.65075706e+08 3.58987367e+08
 3.48425561e+08 3.33498749e+08 3.14429125e+08 2.91643436e+08
 2.65888500e+08 2.38352452e+08 2.10749389e+08 1.85299483e+08
 1.64530082e+08 1.50867208e+08 1.46093344e+08 1.50867208e+08
 1.64530082e+08 1.85299483e+08 2.10749389e+08 2.38352452e+08
 2.65888500e+08 2.91643436e+08 3.14429125e+08 3.33498749e+08
 3.48425561e+08 3.58987367e+08 3.65075706e+08 3.66634639e+08
 3.63628365e+08 3.56036482e+08 3.43877902e+08 3.27267117e+08
 3.06507425e+08 2.82221409e+08 2.55504351e+08 2.28057056e+08
 2.02214857e+08 1.80764807e+08 1.66482634e+08 1.61460730e+08
 1.66482634e+08 1.80764807e+08 2.02214857e+08 2.28057056e+08
 2.55504351e+08 2.82221409e+08 3.06507425e+08 3.27267117e+08
 3.43877902e+08 3.56036482e+08 3.63628365e+08 3.66634639e+08
 3.65075706e+08 3.58987367e+08 3.48425561e+08 3.33498749e+08
 3.14429125e+08 2.91643436e+08 2.65888500e+08 2.38352452e+08
 2.10749389e+08 1.85299483e+08 1.64530082e+08 1.50867208e+08
 1.46093344e+08]","[0.65430857 0.64116745 0.60377406 0.5475486  0.47967908 0.40737825
 0.33668243 0.27197696 0.21607109 0.17054204 0.13613273 0.11309034
 0.101409   0.10097781 0.11164696 0.13322265 0.16539463 0.20759508
 0.25878752 0.31719772 0.38003112 0.44327536 0.50174588 0.54954832
 0.58102843 0.59203329 0.58102843 0.54954832 0.50174588 0.44327536
 0.38003112 0.31719772 0.25878752 0.20759508 0.16539463 0.13322265
 0.11164696 0.10097781 0.101409   0.11309034 0.13613273 0.17054204
 0.21607109 0.27197696 0.33668243 0.40737825 0.47967908 0.5475486
 0.60377406 0.64116745 0.65430857 0.64116745 0.60377406 0.5475486
 0.47967908 0.40737825 0.33668243 0.27197696 0.21607109 0.17054204
 0.13613273 0.11309034 0.101409   0.10097781 0.11164696 0.13322265
 0.16539463 0.20759508 0.25878752 0.31719772 0.38003112 0.44327536
 0.50174588 0.54954832 0.58102843 0.59203329 0.58102843 0.54954832
 0.50174588 0.44327536 0.38003112 0.31719772 0.25878752 0.20759508
 0.16539463 0.13322265 0.11164696 0.10097781 0.101409   0.11309034
 0.13613273 0.17054204 0.21607109 0.27197696 0.33668243 0.40737825
 0.47967908 0.5475486  0.60377406 0.64116745 0.65430857]"
41045,C2v,50,50,0011111111111111111111111111111111111111111111110000111111111111111111111111111111111111111111111100001111111111111111111111111111111111111111111111001111111111111111111111111111111111111111111111111111111111111111111111111111111111111111111111111111111111111111111111111111111111111111111111111111111111111111111111111111111111111111111111111111111111111111111111111111111111111111111111111111111111111111111111111111111111111111111111111111111111110011111111111111111111111111111111111111111111110000111111111111111111111111111111111111111111111100000111111111111111111111111111111111111111111110000000001111111111111111111111111111111111111100000000000011111111111111111111111111111111111111000000000000111111111111111111111111111111111111110000000000001111111111111111111111111111111111111100000000000011111111111111111111111111111111111111000000000000111111111111111111111111111111111111110000000000001111111111111111111111111111111111111100000000000011111111111111111111111111111111111111000000000000111111111111111111111111111111111111110000000000001111111111111111111111111111111111111100000000000011111111111111111111111111111111111111000000000000111111111111111111111111111111111111110000000000000111111111111111111111111111111111111000000000000001111111111111111111111111111111111110000000000000111111111111111111111111111111111111110000000000001111111111111111111111111111111111111100000000000011111111111111111111111111111111111111000000000000111111111111111111111111111111111111110000000000001111111111111111111111111111111111111100000000000011111111111111111111111111111111111111000000000000111111111111111111111111111111111111110000000000001111111111111111111111111111111111111100000000000011111111111111111111111111111111111111000000000000111111111111111111111111111111111111110000000000001111111111111111111111111111111111111100000000000011111111111111111111111111111111111111000000000111111111111111111111111111111111111111111110000011111111111111111111111111111111111111111111110000111111111111111111111111111111111111111111111100111111111111111111111111111111111111111111111111111111111111111111111111111111111111111111111111111111111111111111111111111111111111111111111111111111111111111111111111111111111111111111111111111111111111111111111111111111111111111111111111111111111111111111111111111111111111111111111111111111111111001111111111111111111111111111111111111111111111000011111111111111111111111111111111111111111111110000111111111111111111111111111111111111111111111100,Plane Strain,1004558727.0,322039186.2,1675919237.0,0,0,313860011.7,1e-09,,2240000000,0.49253731,"[9.42676725e+08 9.40856734e+08 9.35508870e+08 9.26975482e+08
 9.15846195e+08 9.02982541e+08 8.89543749e+08 8.77003214e+08
 8.67140615e+08 8.61990689e+08 8.63728942e+08 8.74480719e+08
 8.96056371e+08 9.29641874e+08 9.75504294e+08 1.03279088e+09
 1.09949318e+09 1.17260743e+09 1.24846219e+09 1.32313184e+09
 1.39283555e+09 1.45424147e+09 1.50464107e+09 1.54200325e+09
 1.56494705e+09 1.57268064e+09 1.56494705e+09 1.54200325e+09
 1.50464107e+09 1.45424147e+09 1.39283555e+09 1.32313184e+09
 1.24846219e+09 1.17260743e+09 1.09949318e+09 1.03279088e+09
 9.75504294e+08 9.29641874e+08 8.96056371e+08 8.74480719e+08
 8.63728942e+08 8.61990689e+08 8.67140615e+08 8.77003214e+08
 8.89543749e+08 9.02982541e+08 9.15846195e+08 9.26975482e+08
 9.35508870e+08 9.40856734e+08 9.42676725e+08 9.40856734e+08
 9.35508870e+08 9.26975482e+08 9.15846195e+08 9.02982541e+08
 8.89543749e+08 8.77003214e+08 8.67140615e+08 8.61990689e+08
 8.63728942e+08 8.74480719e+08 8.96056371e+08 9.29641874e+08
 9.75504294e+08 1.03279088e+09 1.09949318e+09 1.17260743e+09
 1.24846219e+09 1.32313184e+09 1.39283555e+09 1.45424147e+09
 1.50464107e+09 1.54200325e+09 1.56494705e+09 1.57268064e+09
 1.56494705e+09 1.54200325e+09 1.50464107e+09 1.45424147e+09
 1.39283555e+09 1.32313184e+09 1.24846219e+09 1.17260743e+09
 1.09949318e+09 1.03279088e+09 9.75504294e+08 9.29641874e+08
 8.96056371e+08 8.74480719e+08 8.63728942e+08 8.61990689e+08
 8.67140615e+08 8.77003214e+08 8.89543749e+08 9.02982541e+08
 9.15846195e+08 9.26975482e+08 9.35508870e+08 9.40856734e+08
 9.42676725e+08]","[0.32057776 0.32376611 0.33310488 0.34791508 0.36707    0.38902055
 0.41186219 0.43346224 0.45165403 0.46448122 0.47044976 0.46872853
 0.4592454  0.44265407 0.42018684 0.39343984 0.36414822 0.33399716
 0.30449283 0.27689564 0.25220405 0.23117183 0.21434265 0.20208944
 0.19465037 0.19215675 0.19465037 0.20208944 0.21434265 0.23117183
 0.25220405 0.27689564 0.30449283 0.33399716 0.36414822 0.39343984
 0.42018684 0.44265407 0.4592454  0.46872853 0.47044976 0.46448122
 0.45165403 0.43346224 0.41186219 0.38902055 0.36707    0.34791508
 0.33310488 0.32376611 0.32057776 0.32376611 0.33310488 0.34791508
 0.36707    0.38902055 0.41186219 0.43346224 0.45165403 0.46448122
 0.47044976 0.46872853 0.4592454  0.44265407 0.42018684 0.39343984
 0.36414822 0.33399716 0.30449283 0.27689564 0.25220405 0.23117183
 0.21434265 0.20208944 0.19465037 0.19215675 0.19465037 0.20208944
 0.21434265 0.23117183 0.25220405 0.27689564 0.30449283 0.33399716
 0.36414822 0.39343984 0.42018684 0.44265407 0.4592454  0.46872853
 0.47044976 0.46448122 0.45165403 0.43346224 0.41186219 0.38902055
 0.36707    0.34791508 0.33310488 0.32376611 0.32057776]"
43089,C2v,50,50,1111111111110000000000000000000000000011111111111111111111111100000000000000000000000000111111111111111111111111111110000000000000000111111111111111111111111111111111100000000000000001111111111111111111111111111111111000000000000000011111111111111111111111111111111111111000000001111111111111111111111111111111111111111110000000011111111111111111111111111111111111111111100000000111111111111111111111111111111111111111111111111111111111111111111111111111111111111111111111111111111111111111111111111111111111111111111111111111111111111111111111111111111111111111111111111111111111111111111111111111111111111111111111111111111111111111111111111111111111111111111111111111111111111111111111111111111111111111111111111111111111111111111111111111111111111111111111111111111111111111111111111111111111111111111111111111111111111111111111111111111111111111111111111111111111111111111111111111111111111111111111111111111111111111111111111111111111111111111111111111111111111111111111111111111111111111111111111111111111111111111111111111111111111111111111111111111111111111111111111111111111111111111111111111111111111111111111111111111111111111111111111111111111111111111111111111111111111111111111111111111111111111111111111111111111111111111111111111111111111111111111111111111111111111111111111111111111111111111111111111111111111111111111111111111111111111111111111111111111111111111111111111111111111111111111111111111111111111111111111111111111111111111111111111111111111111111111111111111111111111111111111111111111111111111111111111111111111111111111111111111111111111111111111111111111111111111111111111111111111111111111111111111111111111111111111111111111111111111111111111111111111111111111111111111111111111111111111111111111111111111111111111111111111111111111111111111111111111111111111111111111111111111111111111111111111111111111111111111111111111111111111111111111111111111111111111111111111111111111111111111111111111111111111111111111111111111111111111111111111111111111111111111111111111111111111111111111111111111111111111111111111111111111111111111111111111111111111111111111111111111111111111111111111110000000011111111111111111111111111111111111111111100000000111111111111111111111111111111111111111111000000001111111111111111111111111111111111111100000000000000001111111111111111111111111111111111000000000000000011111111111111111111111111111111110000000000000000111111111111111111111111111110000000000000000000000000011111111111111111111111100000000000000000000000000111111111111,Plane Strain,1735135005.0,476756274.0,1386258883.0,0,0,507810247.7,1e-09,,2240000000,0.49253731,"[1.57117101e+09 1.56898900e+09 1.56252252e+09 1.55200643e+09
 1.53781977e+09 1.52046719e+09 1.50055389e+09 1.47875465e+09
 1.45577888e+09 1.43233379e+09 1.40908843e+09 1.38664164e+09
 1.36549637e+09 1.34604252e+09 1.32854922e+09 1.31316647e+09
 1.29993511e+09 1.28880319e+09 1.27964654e+09 1.27229139e+09
 1.26653688e+09 1.26217614e+09 1.25901466e+09 1.25688559e+09
 1.25566143e+09 1.25526242e+09 1.25566143e+09 1.25688559e+09
 1.25901466e+09 1.26217614e+09 1.26653688e+09 1.27229139e+09
 1.27964654e+09 1.28880319e+09 1.29993511e+09 1.31316647e+09
 1.32854922e+09 1.34604252e+09 1.36549637e+09 1.38664164e+09
 1.40908843e+09 1.43233379e+09 1.45577888e+09 1.47875465e+09
 1.50055389e+09 1.52046719e+09 1.53781977e+09 1.55200643e+09
 1.56252252e+09 1.56898900e+09 1.57117101e+09 1.56898900e+09
 1.56252252e+09 1.55200643e+09 1.53781977e+09 1.52046719e+09
 1.50055389e+09 1.47875465e+09 1.45577888e+09 1.43233379e+09
 1.40908843e+09 1.38664164e+09 1.36549637e+09 1.34604252e+09
 1.32854922e+09 1.31316647e+09 1.29993511e+09 1.28880319e+09
 1.27964654e+09 1.27229139e+09 1.26653688e+09 1.26217614e+09
 1.25901466e+09 1.25688559e+09 1.25566143e+09 1.25526242e+09
 1.25566143e+09 1.25688559e+09 1.25901466e+09 1.26217614e+09
 1.26653688e+09 1.27229139e+09 1.27964654e+09 1.28880319e+09
 1.29993511e+09 1.31316647e+09 1.32854922e+09 1.34604252e+09
 1.36549637e+09 1.38664164e+09 1.40908843e+09 1.43233379e+09
 1.45577888e+09 1.47875465e+09 1.50055389e+09 1.52046719e+09
 1.53781977e+09 1.55200643e+09 1.56252252e+09 1.56898900e+09
 1.57117101e+09]","[0.2747661  0.27537882 0.27719671 0.28015934 0.28416735 0.28908462
 0.2947418  0.30094125 0.30746386 0.31407778 0.32054893 0.32665312
 0.33218881 0.33698981 0.34093642 0.34396385 0.34606667 0.34729849
 0.34776655 0.34762159 0.34704373 0.34622597 0.34535666 0.34460264
 0.34409461 0.34391576 0.34409461 0.34460264 0.34535666 0.34622597
 0.34704373 0.34762159 0.34776655 0.34729849 0.34606667 0.34396385
 0.34093642 0.33698981 0.33218881 0.32665312 0.32054893 0.31407778
 0.30746386 0.30094125 0.2947418  0.28908462 0.28416735 0.28015934
 0.27719671 0.27537882 0.2747661  0.27537882 0.27719671 0.28015934
 0.28416735 0.28908462 0.2947418  0.30094125 0.30746386 0.31407778
 0.32054893 0.32665312 0.33218881 0.33698981 0.34093642 0.34396385
 0.34606667 0.34729849 0.34776655 0.34762159 0.34704373 0.34622597
 0.34535666 0.34460264 0.34409461 0.34391576 0.34409461 0.34460264
 0.34535666 0.34622597 0.34704373 0.34762159 0.34776655 0.34729849
 0.34606667 0.34396385 0.34093642 0.33698981 0.33218881 0.32665312
 0.32054893 0.31407778 0.30746386 0.30094125 0.2947418  0.28908462
 0.28416735 0.28015934 0.27719671 0.27537882 0.2747661 ]"
46560,C2v,50,50,0000000000001111111111111111111111111100000000000000000000000011111111111111111111111111000000000000000000000000111111111111111111111111110000000000000000000000001111111111111111111111111100000000000000000000000011111111111111111111111111000000000000000000000000111111111111111111111111110000000000000000000000001111111111111111111111111100000000000000000000000011111111111111111111111111000000000000000000000000111111111111111111111111110000000000000000000000001111111111111111111111111100000000000000011110000111111111111111111111111111100001111000000111110001111111111111111111111111111000111110000001111100011111111111111111111111111110001111100000011111001111111111111111111111111111110011111000000111111111111111111111111111111111111111111110000001111111111111111111111111111111111111111111100000011111111111111111111111111111111111111111111000000111111111111111111111111111111111111111111110000001111111111111111111111111111111111111111111100000011111111111111111111111111111111111111111111000111111111111111111111111111111111111111111111111111111111111111111111111111111111111111111111111111111111111111111111111111111111111111111111111111111111111111111111111111111111111111111111111111111111111111111111111111111111111111111111111111111111111111111111111111111111111111111111111111111111111111111111111111111111111111111111111111111111111111111111111111111111111111111111111111111111111111111111111111111111111111111111111111111111111111111111111111111111111111111111111111111111111111111110001111111111111111111111111111111111111111111100000011111111111111111111111111111111111111111111000000111111111111111111111111111111111111111111110000001111111111111111111111111111111111111111111100000011111111111111111111111111111111111111111111000000111111111111111111111111111111111111111111110000001111100111111111111111111111111111111001111100000011111000111111111111111111111111111100011111000000111110001111111111111111111111111111000111110000001111000011111111111111111111111111110000111100000000000000011111111111111111111111111000000000000000000000000111111111111111111111111110000000000000000000000001111111111111111111111111100000000000000000000000011111111111111111111111111000000000000000000000000111111111111111111111111110000000000000000000000001111111111111111111111111100000000000000000000000011111111111111111111111111000000000000000000000000111111111111111111111111110000000000000000000000001111111111111111111111111100000000000000000000000011111111111111111111111111000000000000,Plane Strain,711837874.6,197359813.0,1190051154.0,0,0,179304346.7,1e-09,,2240000000,0.49253731,"[6.79107436e+08 6.76711478e+08 6.69606844e+08 6.58053571e+08
 6.42518966e+08 6.23726294e+08 6.02716721e+08 5.80913957e+08
 5.60172370e+08 5.42778332e+08 5.31365318e+08 5.28703797e+08
 5.37348544e+08 5.59175702e+08 5.94909923e+08 6.43793770e+08
 7.03541386e+08 7.70627451e+08 8.40829799e+08 9.09848292e+08
 9.73818320e+08 1.02961343e+09 1.07492986e+09 1.10821384e+09
 1.12851434e+09 1.13533238e+09 1.12851434e+09 1.10821384e+09
 1.07492986e+09 1.02961343e+09 9.73818320e+08 9.09848292e+08
 8.40829799e+08 7.70627451e+08 7.03541386e+08 6.43793770e+08
 5.94909923e+08 5.59175702e+08 5.37348544e+08 5.28703797e+08
 5.31365318e+08 5.42778332e+08 5.60172370e+08 5.80913957e+08
 6.02716721e+08 6.23726294e+08 6.42518966e+08 6.58053571e+08
 6.69606844e+08 6.76711478e+08 6.79107436e+08 6.76711478e+08
 6.69606844e+08 6.58053571e+08 6.42518966e+08 6.23726294e+08
 6.02716721e+08 5.80913957e+08 5.60172370e+08 5.42778332e+08
 5.31365318e+08 5.28703797e+08 5.37348544e+08 5.59175702e+08
 5.94909923e+08 6.43793770e+08 7.03541386e+08 7.70627451e+08
 8.40829799e+08 9.09848292e+08 9.73818320e+08 1.02961343e+09
 1.07492986e+09 1.10821384e+09 1.12851434e+09 1.13533238e+09
 1.12851434e+09 1.10821384e+09 1.07492986e+09 1.02961343e+09
 9.73818320e+08 9.09848292e+08 8.40829799e+08 7.70627451e+08
 7.03541386e+08 6.43793770e+08 5.94909923e+08 5.59175702e+08
 5.37348544e+08 5.28703797e+08 5.31365318e+08 5.42778332e+08
 5.60172370e+08 5.80913957e+08 6.02716721e+08 6.23726294e+08
 6.42518966e+08 6.58053571e+08 6.69606844e+08 6.76711478e+08
 6.79107436e+08]","[0.27725388 0.28209413 0.2963699  0.3193238  0.34962812 0.38531951
 0.42377409 0.46178384 0.49578932 0.52228458 0.53833748 0.5420919
 0.53308675 0.51227796 0.48176376 0.44432531 0.4029397  0.36039136
 0.31903802 0.28072343 0.24679543 0.21818159 0.19548454 0.17907312
 0.16915721 0.16584145 0.16915721 0.17907312 0.19548454 0.21818159
 0.24679543 0.28072343 0.31903802 0.36039136 0.4029397  0.44432531
 0.48176376 0.51227796 0.53308675 0.5420919  0.53833748 0.52228458
 0.49578932 0.46178384 0.42377409 0.38531951 0.34962812 0.3193238
 0.2963699  0.28209413 0.27725388 0.28209413 0.2963699  0.3193238
 0.34962812 0.38531951 0.42377409 0.46178384 0.49578932 0.52228458
 0.53833748 0.5420919  0.53308675 0.51227796 0.48176376 0.44432531
 0.4029397  0.36039136 0.31903802 0.28072343 0.24679543 0.21818159
 0.19548454 0.17907312 0.16915721 0.16584145 0.16915721 0.17907312
 0.19548454 0.21818159 0.24679543 0.28072343 0.31903802 0.36039136
 0.4029397  0.44432531 0.48176376 0.51227796 0.53308675 0.5420919
 0.53833748 0.52228458 0.49578932 0.46178384 0.42377409 0.38531951
 0.34962812 0.3193238  0.2963699  0.28209413 0.27725388]"
26762,C2v,50,50,0000000111111100000000000000000000001111111000000000000111111111100000110000001100000111111111100000000011111111111111111110000111111111111111111100000000111111111111111111100001111111111111111111000000001111111111111111111111111111111111111111110000000011111111111111111111111111111111111111111100000000111111111111111111111111111111111111111111000000001111111111111111111111111111111111111111110000000011111111111111111111111111111111111111111100000000111111111111111111111111111111111111111111000000001111111111111111111111111111111111111111110000000011111111111111111111111111111111111111111100000000111111111111111111111111111111111111111111000000001111111111111111111111111111111111111111110000000011111111111111111111111111111111111111111100001111111111111111111111111111111111111111111111111111111111111111111111111111111111111111111111111111111111111111111111111111111111111111111111111111111111111111111111111111111111111111111111111111111111111111111111111111111111111111111111111111111111111111111111111111111111111111111111111111111111111111111111111111111111111111111111111111111111111111111111111111111111111111111111111111111111111111111111111111111111111111111111111111111111111111111111111111111111111111111111111111111111111111111111111111111111111111111111111111111111111111111111111111111111111111111111111111111111111111111111111111111111111111111111111111111111111111111111111111111111111111111111111111111111111111111111111111111111111111111111111111111111111111111111111111111111111111111111111111111111111111111111111111111111111111111111111111111111111111111111111111111111111111111111111111111111111111111111111111111111111111111111111111111111111111111111111111111111111111111111111111111111111111111111111111111111111111000011111111111111111111111111111111111111111100000000111111111111111111111111111111111111111111000000001111111111111111111111111111111111111111110000000011111111111111111111111111111111111111111100000000111111111111111111111111111111111111111111000000001111111111111111111111111111111111111111110000000011111111111111111111111111111111111111111100000000111111111111111111111111111111111111111111000000001111111111111111111111111111111111111111110000000011111111111111111111111111111111111111111100000000111111111111111111111111111111111111111111000000001111111111111111111000011111111111111111110000000011111111111111111110000111111111111111111100000000011111111110000011000000110000011111111110000000000001111111000000000000000000000011111110000000,Plane Strain,1076442961.0,182959450.8,1135506441.0,0,0,291627342.4,1e-09,,2240000000,0.49253731,"[1.04696346e+09 1.04358382e+09 1.03356647e+09 1.01728595e+09
 9.95397481e+08 9.68875401e+08 9.39050352e+08 9.07626238e+08
 8.76653175e+08 8.48432026e+08 8.25335080e+08 8.09548815e+08
 8.02775607e+08 8.05960080e+08 8.19115660e+08 8.41306082e+08
 8.70789754e+08 9.05283571e+08 9.42271833e+08 9.79286807e+08
 1.01411337e+09 1.04490363e+09 1.07021381e+09 1.08898885e+09
 1.10052167e+09 1.10440943e+09 1.10052167e+09 1.08898885e+09
 1.07021381e+09 1.04490363e+09 1.01411337e+09 9.79286807e+08
 9.42271833e+08 9.05283571e+08 8.70789754e+08 8.41306082e+08
 8.19115660e+08 8.05960080e+08 8.02775607e+08 8.09548815e+08
 8.25335080e+08 8.48432026e+08 8.76653175e+08 9.07626238e+08
 9.39050352e+08 9.68875401e+08 9.95397481e+08 1.01728595e+09
 1.03356647e+09 1.04358382e+09 1.04696346e+09 1.04358382e+09
 1.03356647e+09 1.01728595e+09 9.95397481e+08 9.68875401e+08
 9.39050352e+08 9.07626238e+08 8.76653175e+08 8.48432026e+08
 8.25335080e+08 8.09548815e+08 8.02775607e+08 8.05960080e+08
 8.19115660e+08 8.41306082e+08 8.70789754e+08 9.05283571e+08
 9.42271833e+08 9.79286807e+08 1.01411337e+09 1.04490363e+09
 1.07021381e+09 1.08898885e+09 1.10052167e+09 1.10440943e+09
 1.10052167e+09 1.08898885e+09 1.07021381e+09 1.04490363e+09
 1.01411337e+09 9.79286807e+08 9.42271833e+08 9.05283571e+08
 8.70789754e+08 8.41306082e+08 8.19115660e+08 8.05960080e+08
 8.02775607e+08 8.09548815e+08 8.25335080e+08 8.48432026e+08
 8.76653175e+08 9.07626238e+08 9.39050352e+08 9.68875401e+08
 9.95397481e+08 1.01728595e+09 1.03356647e+09 1.04358382e+09
 1.04696346e+09]","[0.16996669 0.17283682 0.18134077 0.19515093 0.21369562 0.23612841
 0.26130138 0.28775979 0.31377838 0.33745836 0.35689241 0.37038493
 0.37668866 0.37520031 0.36605903 0.35011731 0.32879404 0.30385486
 0.27717939 0.25056516 0.2255951  0.20357101 0.18549966 0.17211171
 0.16389474 0.16112586 0.16389474 0.17211171 0.18549966 0.20357101
 0.2255951  0.25056516 0.27717939 0.30385486 0.32879404 0.35011731
 0.36605903 0.37520031 0.37668866 0.37038493 0.35689241 0.33745836
 0.31377838 0.28775979 0.26130138 0.23612841 0.21369562 0.19515093
 0.18134077 0.17283682 0.16996669 0.17283682 0.18134077 0.19515093
 0.21369562 0.23612841 0.26130138 0.28775979 0.31377838 0.33745836
 0.35689241 0.37038493 0.37668866 0.37520031 0.36605903 0.35011731
 0.32879404 0.30385486 0.27717939 0.25056516 0.2255951  0.20357101
 0.18549966 0.17211171 0.16389474 0.16112586 0.16389474 0.17211171
 0.18549966 0.20357101 0.2255951  0.25056516 0.27717939 0.30385486
 0.32879404 0.35011731 0.36605903 0.37520031 0.37668866 0.37038493
 0.35689241 0.33745836 0.31377838 0.28775979 0.26130138 0.23612841
 0.21369562 0.19515093 0.18134077 0.17283682 0.16996669]"
26729,C2v,50,50,1111111111111111110000000000000011111111111111111111111111111111111111111111111111111111111111111111111111111111111111111111111111111111111111111111111111111111111111111111111111111111111111111111111100000001111111111111111111111111111111111110000000000000000000000000001111111111000000000000000000000000111100000000000000011110000000000000001111000000001111111111111100000111100000111111111111110000000011111111111111111111111111111111111111111100000000111111111111111111111111111111111111111111000000001111111111111111111111111111111111111111110000000011111111111111111111001111111111111111111100001111111111111111111111110011111111111111111111111111111111111111111111111100111111111111111111111111111111111111111111111111001111111111111111111111111111111111111111111111110011111111111111111111111111111111111111111111111100111111111111111111111111111111111111111111000000000000001111111111111111111111111111111110000000000000000000011111111111111111111111111111100000000000000000000111111111111111111111111111111000000000000000000001111111111111111111111111111110000000000000000000011111111111111111111111111111111100000000000000111111111111111111111111111111111111111000000001111111111111111111111111111111111111111110000000011111111111111111111111111111111111111111100000000111111111111111111111111111111111111111111000000001111111111111111111111111111111111111110000000000000011111111111111111111111111111111100000000000000000000111111111111111111111111111111000000000000000000001111111111111111111111111111110000000000000000000011111111111111111111111111111100000000000000000000111111111111111111111111111111111000000000000001111111111111111111111111111111111111111110011111111111111111111111111111111111111111111111100111111111111111111111111111111111111111111111111001111111111111111111111111111111111111111111111110011111111111111111111111111111111111111111111111100111111111111111111111111000011111111111111111111001111111111111111111100000000111111111111111111111111111111111111111111000000001111111111111111111111111111111111111111110000000011111111111111111111111111111111111111111100000000111111111111110000011110000011111111111111000000001111000000000000000111100000000000000011110000000000000000000000001111111111000000000000000000000000000111111111111111111111111111111111111000000011111111111111111111111111111111111111111111111111111111111111111111111111111111111111111111111111111111111111111111111111111111111111111111111111111111111111111111111100000000000000111111111111111111,Plane Strain,856618136.1,123872997.0,96925515.13,0,0,99247288.3,1e-09,,2240000000,0.49253731,"[6.98305649e+08 6.93897846e+08 6.80902090e+08 6.59977674e+08
 6.32146405e+08 5.98686475e+08 5.61007223e+08 5.20527345e+08
 4.78575291e+08 4.36321526e+08 3.94743282e+08 3.54616478e+08
 3.16526983e+08 2.80893456e+08 2.47995413e+08 2.18002032e+08
 1.90998921e+08 1.67011444e+08 1.46024115e+08 1.27996161e+08
 1.12873654e+08 1.00598730e+08 9.11164279e+07 8.43796249e+07
 8.03524678e+07 7.90126100e+07 8.03524678e+07 8.43796249e+07
 9.11164279e+07 1.00598730e+08 1.12873654e+08 1.27996161e+08
 1.46024115e+08 1.67011444e+08 1.90998921e+08 2.18002032e+08
 2.47995413e+08 2.80893456e+08 3.16526983e+08 3.54616478e+08
 3.94743282e+08 4.36321526e+08 4.78575291e+08 5.20527345e+08
 5.61007223e+08 5.98686475e+08 6.32146405e+08 6.59977674e+08
 6.80902090e+08 6.93897846e+08 6.98305649e+08 6.93897846e+08
 6.80902090e+08 6.59977674e+08 6.32146405e+08 5.98686475e+08
 5.61007223e+08 5.20527345e+08 4.78575291e+08 4.36321526e+08
 3.94743282e+08 3.54616478e+08 3.16526983e+08 2.80893456e+08
 2.47995413e+08 2.18002032e+08 1.90998921e+08 1.67011444e+08
 1.46024115e+08 1.27996161e+08 1.12873654e+08 1.00598730e+08
 9.11164279e+07 8.43796249e+07 8.03524678e+07 7.90126100e+07
 8.03524678e+07 8.43796249e+07 9.11164279e+07 1.00598730e+08
 1.12873654e+08 1.27996161e+08 1.46024115e+08 1.67011444e+08
 1.90998921e+08 2.18002032e+08 2.47995413e+08 2.80893456e+08
 3.16526983e+08 3.54616478e+08 3.94743282e+08 4.36321526e+08
 4.78575291e+08 5.20527345e+08 5.61007223e+08 5.98686475e+08
 6.32146405e+08 6.59977674e+08 6.80902090e+08 6.93897846e+08
 6.98305649e+08]","[0.14460702 0.14674357 0.15316845 0.16392686 0.1790927  0.19876607
 0.22306952 0.25214242 0.28613309 0.32518779 0.36943599 0.41897074
 0.47382341 0.53393161 0.5990995  0.66894961 0.7428651  0.81992121
 0.89880376 0.97771378 1.05426338 1.12539003 1.18736075 1.23599407
 1.2672299  1.27802258 1.2672299  1.23599407 1.18736075 1.12539003
 1.05426338 0.97771378 0.89880376 0.81992121 0.7428651  0.66894961
 0.5990995  0.53393161 0.47382341 0.41897074 0.36943599 0.32518779
 0.28613309 0.25214242 0.22306952 0.19876607 0.1790927  0.16392686
 0.15316845 0.14674357 0.14460702 0.14674357 0.15316845 0.16392686
 0.1790927  0.19876607 0.22306952 0.25214242 0.28613309 0.32518779
 0.36943599 0.41897074 0.47382341 0.53393161 0.5990995  0.66894961
 0.7428651  0.81992121 0.89880376 0.97771378 1.05426338 1.12539003
 1.18736075 1.23599407 1.2672299  1.27802258 1.2672299  1.23599407
 1.18736075 1.12539003 1.05426338 0.97771378 0.89880376 0.81992121
 0.7428651  0.66894961 0.5990995  0.53393161 0.47382341 0.41897074
 0.36943599 0.32518779 0.28613309 0.25214242 0.22306952 0.19876607
 0.1790927  0.16392686 0.15316845 0.14674357 0.14460702]"
35894,C2v,50,50,0000000000000000111111111111111111000000000000000000000000000000001111111111111111110000000000000000000000000000000011111111111111111100000000000000000000000000000000111111111111111111000000000000000000000000000001111111111111111111111110000000000000000000000000011111111111111111111111100000000000000000000000000111111111111111111111111000000000000000000000000011111111111111111111111111000000000000100000000001111111111111111111111111111000000000011000000000011111111111111111111111111110000000000111000000000111111111111111111111111111100000000011111111100001111111111111111111111111111000011111110000111000011111111111111111111111111110000111000000000111000111111111111111111111111111100011100000000001110011111111111111111111111111111100111000000000001111111111111111111111111111111111111100000000000001111111111111111111111111111111111110000000000000011111111111111111111111111111111111100000000000000111111111111111111111111111111111111000000000000001111111111111111111111111111111111110000000000000011111111111111111111111111111111111100000000000111111111111111111111111111111111111111111000000001111111111111111111111111111111111111111110000000011111111111111111111111111111111111111111100000000111111111111111111111111111111111111111111000000001111111111111111111111111111111111111111110000000011111111111111111111111111111111111111111100000000111111111111111111111111111111111111111111000000001111111111111111111111111111111111111111110000000000011111111111111111111111111111111111100000000000000111111111111111111111111111111111111000000000000001111111111111111111111111111111111110000000000000011111111111111111111111111111111111100000000000000111111111111111111111111111111111111000000000000011111111111111111111111111111111111111000000000001110011111111111111111111111111111100111000000000011100011111111111111111111111111110001110000000001110000111111111111111111111111111100001110000111111100001111111111111111111111111111000011111111100000000011111111111111111111111111110000000001110000000000111111111111111111111111111100000000001100000000001111111111111111111111111111000000000010000000000001111111111111111111111111100000000000000000000000001111111111111111111111110000000000000000000000000011111111111111111111111100000000000000000000000000111111111111111111111111000000000000000000000000000001111111111111111110000000000000000000000000000000011111111111111111100000000000000000000000000000000111111111111111111000000000000000000000000000000001111111111111111110000000000000000,Plane Strain,29738611.51,2903359.69,943516895.9,0,0,3672476.58,1e-09,,2240000000,0.49253731,"[2.97296774e+07 2.95525691e+07 2.90213064e+07 2.81366312e+07
 2.69017798e+07 2.53260419e+07 2.34310361e+07 2.12614499e+07
 1.89033246e+07 1.65152929e+07 1.43822795e+07 1.30083449e+07
 1.32774504e+07 1.67294383e+07 2.60194383e+07 4.56228435e+07
 8.27002584e+07 1.47432777e+08 2.50660644e+08 3.95460563e+08
 5.64817290e+08 7.22418009e+08 8.37259389e+08 9.03840215e+08
 9.34680859e+08 9.43233443e+08 9.34680859e+08 9.03840215e+08
 8.37259389e+08 7.22418009e+08 5.64817290e+08 3.95460563e+08
 2.50660644e+08 1.47432777e+08 8.27002584e+07 4.56228435e+07
 2.60194383e+07 1.67294383e+07 1.32774504e+07 1.30083449e+07
 1.43822795e+07 1.65152929e+07 1.89033246e+07 2.12614499e+07
 2.34310361e+07 2.53260419e+07 2.69017798e+07 2.81366312e+07
 2.90213064e+07 2.95525691e+07 2.97296774e+07 2.95525691e+07
 2.90213064e+07 2.81366312e+07 2.69017798e+07 2.53260419e+07
 2.34310361e+07 2.12614499e+07 1.89033246e+07 1.65152929e+07
 1.43822795e+07 1.30083449e+07 1.32774504e+07 1.67294383e+07
 2.60194383e+07 4.56228435e+07 8.27002584e+07 1.47432777e+08
 2.50660644e+08 3.95460563e+08 5.64817290e+08 7.22418009e+08
 8.37259389e+08 9.03840215e+08 9.34680859e+08 9.43233443e+08
 9.34680859e+08 9.03840215e+08 8.37259389e+08 7.22418009e+08
 5.64817290e+08 3.95460563e+08 2.50660644e+08 1.47432777e+08
 8.27002584e+07 4.56228435e+07 2.60194383e+07 1.67294383e+07
 1.32774504e+07 1.30083449e+07 1.43822795e+07 1.65152929e+07
 1.89033246e+07 2.12614499e+07 2.34310361e+07 2.53260419e+07
 2.69017798e+07 2.81366312e+07 2.90213064e+07 2.95525691e+07
 2.97296774e+07]","[0.0976293  0.22449335 0.60060512 1.19080602 1.87859384 2.45491929
 2.72972132 2.67324864 2.39832205 2.03854421 1.67964359 1.35949206
 1.08820182 0.86365995 0.67967422 0.52949579 0.40709854 0.30750462
 0.22674937 0.16173597 0.11007699 0.06995606 0.04001779 0.01928476
 0.00709799 0.00307717 0.00709799 0.01928476 0.04001779 0.06995606
 0.11007699 0.16173597 0.22674937 0.30750462 0.40709854 0.52949579
 0.67967422 0.86365995 1.08820182 1.35949206 1.67964359 2.03854421
 2.39832205 2.67324864 2.72972132 2.45491929 1.87859384 1.19080602
 0.60060512 0.22449335 0.0976293  0.22449335 0.60060512 1.19080602
 1.87859384 2.45491929 2.72972132 2.67324864 2.39832205 2.03854421
 1.67964359 1.35949206 1.08820182 0.86365995 0.67967422 0.52949579
 0.40709854 0.30750462 0.22674937 0.16173597 0.11007699 0.06995606
 0.04001779 0.01928476 0.00709799 0.00307717 0.00709799 0.01928476
 0.04001779 0.06995606 0.11007699 0.16173597 0.22674937 0.30750462
 0.40709854 0.52949579 0.67967422 0.86365995 1.08820182 1.35949206
 1.67964359 2.03854421 2.39832205 2.67324864 2.72972132 2.45491929
 1.87859384 1.19080602 0.60060512 0.22449335 0.0976293 ]"
40396,C2v,50,50,0011100000000000000000000000000000000000000001110000111100000000000000000000000000000000000000111100111111100000000000000000000000000000000000011111111111111000000000000000000000000000000000000111111111111111111111111000000000000000011111111111111111111111111111111110000000000000000111111111111111110011111111111111100000000000000001111111111111110000111111111111111000000000000000011111111111111100001111111111111110000000000000000111111111111111000011111111111111100000000000000001111111111111110000111111111111111000000000000000011111111111111100011111111111111110000000000000000111111111111111101111111111111111100000000000000001111111111111111111111111111111111111111111111111111111111111111111111111111111111111111111111111111111111111111111110011111111111111111111111111111111111111111111110000111111111111111111111111111111111111111111111100001111111111111111111111111111111111111111111111000011111111111111111111111111111111111111111111110000111111111111111111111111111111111111111111111100000001111111111111111111111111111111111111111000000000000111111111111111111111111111111111111000000000000000111111111111111111111111111111111100000000000000001111111111111111111111111111111111000000000000000011111111111111111111111111111111110000000000000000111111111111111111111111111111111100000000000000001111111111111111111111111111111111000000000000000011111111111111111111111111111111110000000000000001111111111111111111111111111111111110000000000001111111111111111111111111111111111111111000000011111111111111111111111111111111111111111111110000111111111111111111111111111111111111111111111100001111111111111111111111111111111111111111111111000011111111111111111111111111111111111111111111110000111111111111111111111111111111111111111111111100111111111111111111111111111111111111111111111111111111111111111111111111111111111111111111111111111111111111111111111000000000000000011111111111111111011111111111111110000000000000000111111111111111100011111111111111100000000000000001111111111111110000111111111111111000000000000000011111111111111100001111111111111110000000000000000111111111111111000011111111111111100000000000000001111111111111110000111111111111111000000000000000011111111111111100111111111111111110000000000000000111111111111111111111111111111111100000000000000001111111111111111111111110000000000000000000000000000000000001111111111111100000000000000000000000000000000000011111110011110000000000000000000000000000000000000011110000111000000000000000000000000000000000000000011100,Plane Strain,649361685.0,262847658.1,492552757.2,0,0,173078210.1,1e-09,,2240000000,0.49253731,"[5.09094698e+08 5.09354119e+08 5.10080624e+08 5.11125469e+08
 5.12261244e+08 5.13208584e+08 5.13666737e+08 5.13343536e+08
 5.11981350e+08 5.09377046e+08 5.05395438e+08 4.99976701e+08
 4.93138779e+08 4.84975924e+08 4.75654277e+08 4.65405136e+08
 4.54516188e+08 4.43320772e+08 4.32185138e+08 4.21493710e+08
 4.11632543e+08 4.02971477e+08 3.95845780e+08 3.90538420e+08
 3.87264283e+08 3.86157673e+08 3.87264283e+08 3.90538420e+08
 3.95845780e+08 4.02971477e+08 4.11632543e+08 4.21493710e+08
 4.32185138e+08 4.43320772e+08 4.54516188e+08 4.65405136e+08
 4.75654277e+08 4.84975924e+08 4.93138779e+08 4.99976701e+08
 5.05395438e+08 5.09377046e+08 5.11981350e+08 5.13343536e+08
 5.13666737e+08 5.13208584e+08 5.12261244e+08 5.11125469e+08
 5.10080624e+08 5.09354119e+08 5.09094698e+08 5.09354119e+08
 5.10080624e+08 5.11125469e+08 5.12261244e+08 5.13208584e+08
 5.13666737e+08 5.13343536e+08 5.11981350e+08 5.09377046e+08
 5.05395438e+08 4.99976701e+08 4.93138779e+08 4.84975924e+08
 4.75654277e+08 4.65405136e+08 4.54516188e+08 4.43320772e+08
 4.32185138e+08 4.21493710e+08 4.11632543e+08 4.02971477e+08
 3.95845780e+08 3.90538420e+08 3.87264283e+08 3.86157673e+08
 3.87264283e+08 3.90538420e+08 3.95845780e+08 4.02971477e+08
 4.11632543e+08 4.21493710e+08 4.32185138e+08 4.43320772e+08
 4.54516188e+08 4.65405136e+08 4.75654277e+08 4.84975924e+08
 4.93138779e+08 4.99976701e+08 5.05395438e+08 5.09377046e+08
 5.11981350e+08 5.13343536e+08 5.13666737e+08 5.13208584e+08
 5.12261244e+08 5.11125469e+08 5.10080624e+08 5.09354119e+08
 5.09094698e+08]","[0.40477851 0.40451731 0.40376673 0.40262387 0.40124381 0.39983017
 0.39862291 0.39788426 0.39788364 0.39888207 0.40111669 0.40478553
 0.41003272 0.41693417 0.42548411 0.43558295 0.4470278  0.45950701
 0.47260143 0.4857945  0.49849381 0.51006502 0.5198775  0.52735806
 0.53204637 0.53364366 0.53204637 0.52735806 0.5198775  0.51006502
 0.49849381 0.4857945  0.47260143 0.45950701 0.4470278  0.43558295
 0.42548411 0.41693417 0.41003272 0.40478553 0.40111669 0.39888207
 0.39788364 0.39788426 0.39862291 0.39983017 0.40124381 0.40262387
 0.40376673 0.40451731 0.40477851 0.40451731 0.40376673 0.40262387
 0.40124381 0.39983017 0.39862291 0.39788426 0.39788364 0.39888207
 0.40111669 0.40478553 0.41003272 0.41693417 0.42548411 0.43558295
 0.4470278  0.45950701 0.47260143 0.4857945  0.49849381 0.51006502
 0.5198775  0.52735806 0.53204637 0.53364366 0.53204637 0.52735806
 0.5198775  0.51006502 0.49849381 0.4857945  0.47260143 0.45950701
 0.4470278  0.43558295 0.42548411 0.41693417 0.41003272 0.40478553
 0.40111669 0.39888207 0.39788364 0.39788426 0.39862291 0.39983017
 0.40124381 0.40262387 0.40376673 0.40451731 0.40477851]"
14844,C2v,50,50,0000000000000000001111111111111100000000000000000000000000000000000011111111111111000000000000000000000000000000000000111111111111110000000000000000000000000000000000011111111111111110000000000000000000100000000000011111111111111111111000000000000100111100000000000111111111111111111110000000000011111111000000000001111111111111111111100000000000111111110000000000011111111111111111111000000000001111111110000000000111111111111111111110000000000111110111100000000001111111111111111111100000000001111000111000000000011111111111111111111000000000011100001111000011111111111111111111111111111100001111000011110000111111111111111111111111111111000011110000011110011111111111111111111111111111111001111000000111111111111111111111111111111111111111111110000001001111111111111111111111111111111111111100100000000000111111111111111111111111111111111100000000000000001111111111111111111111111111111111000000000000000011111111111111111111111111111111110000000000000000011111111111111111111111111111111000000000000000000011111111111111111111111111111100000000000000000000111111111111111111111111111111000000000000000000001111111111111111111111111111110000000000000000000011111111111111111111111111111100000000000000000001111111111111111111111111111111100000000000000000011111111111111111111111111111111000000000000000000011111111111111111111111111111100000000000000000000111111111111111111111111111111000000000000000000001111111111111111111111111111110000000000000000000011111111111111111111111111111100000000000000000001111111111111111111111111111111100000000000000000111111111111111111111111111111111100000000000000001111111111111111111111111111111111000000000000000011111111111111111111111111111111110000000000010011111111111111111111111111111111111111001000000111111111111111111111111111111111111111111110000001111001111111111111111111111111111111100111100000111100001111111111111111111111111111110000111100001111000011111111111111111111111111111100001111000011100000000001111111111111111111100000000001110001111000000000011111111111111111111000000000011110111110000000000111111111111111111110000000000111111111000000000001111111111111111111100000000000111111110000000000011111111111111111111000000000001111111100000000000111111111111111111110000000000011110010000000000001111111111111111111100000000000010000000000000000000111111111111111100000000000000000000000000000000000111111111111110000000000000000000000000000000000001111111111111100000000000000000000000000000000000011111111111111000000000000000000,Plane Strain,38053009.34,4936934.65,787612817.1,0,0,5994697.18,1e-09,,2240000000,0.49253731,"[3.80220635e+07 3.78158847e+07 3.71981437e+07 3.61719900e+07
 3.47454040e+07 3.29360149e+07 3.07794897e+07 2.83436726e+07
 2.57522150e+07 2.32240308e+07 2.11391559e+07 2.01481980e+07
 2.13515235e+07 2.65819825e+07 3.88145719e+07 6.26448767e+07
 1.04501198e+08 1.71639613e+08 2.68385571e+08 3.89616824e+08
 5.17256628e+08 6.28018744e+08 7.07598155e+08 7.55742954e+08
 7.79839646e+08 7.86972307e+08 7.79839646e+08 7.55742954e+08
 7.07598155e+08 6.28018744e+08 5.17256628e+08 3.89616824e+08
 2.68385571e+08 1.71639613e+08 1.04501198e+08 6.26448767e+07
 3.88145719e+07 2.65819825e+07 2.13515235e+07 2.01481980e+07
 2.11391559e+07 2.32240308e+07 2.57522150e+07 2.83436726e+07
 3.07794897e+07 3.29360149e+07 3.47454040e+07 3.61719900e+07
 3.71981437e+07 3.78158847e+07 3.80220635e+07 3.78158847e+07
 3.71981437e+07 3.61719900e+07 3.47454040e+07 3.29360149e+07
 3.07794897e+07 2.83436726e+07 2.57522150e+07 2.32240308e+07
 2.11391559e+07 2.01481980e+07 2.13515235e+07 2.65819825e+07
 3.88145719e+07 6.26448767e+07 1.04501198e+08 1.71639613e+08
 2.68385571e+08 3.89616824e+08 5.17256628e+08 6.28018744e+08
 7.07598155e+08 7.55742954e+08 7.79839646e+08 7.86972307e+08
 7.79839646e+08 7.55742954e+08 7.07598155e+08 6.28018744e+08
 5.17256628e+08 3.89616824e+08 2.68385571e+08 1.71639613e+08
 1.04501198e+08 6.26448767e+07 3.88145719e+07 2.65819825e+07
 2.13515235e+07 2.01481980e+07 2.11391559e+07 2.32240308e+07
 2.57522150e+07 2.83436726e+07 3.07794897e+07 3.29360149e+07
 3.47454040e+07 3.61719900e+07 3.71981437e+07 3.78158847e+07
 3.80220635e+07]","[0.12973835 0.21231499 0.457093   0.84597703 1.32262182 1.77815039
 2.08454004 2.17065263 2.06011394 1.83132804 1.55962315 1.29244986
 1.05195671 0.84496626 0.67089586 0.52628593 0.40698882 0.30909238
 0.22923836 0.16467738 0.11322269 0.07317461 0.04324583 0.02249841
 0.01029555 0.00626823 0.01029555 0.02249841 0.04324583 0.07317461
 0.11322269 0.16467738 0.22923836 0.30909238 0.40698882 0.52628593
 0.67089586 0.84496626 1.05195671 1.29244986 1.55962315 1.83132804
 2.06011394 2.17065263 2.08454004 1.77815039 1.32262182 0.84597703
 0.457093   0.21231499 0.12973835 0.21231499 0.457093   0.84597703
 1.32262182 1.77815039 2.08454004 2.17065263 2.06011394 1.83132804
 1.55962315 1.29244986 1.05195671 0.84496626 0.67089586 0.52628593
 0.40698882 0.30909238 0.22923836 0.16467738 0.11322269 0.07317461
 0.04324583 0.02249841 0.01029555 0.00626823 0.01029555 0.02249841
 0.04324583 0.07317461 0.11322269 0.16467738 0.22923836 0.30909238
 0.40698882 0.52628593 0.67089586 0.84496626 1.05195671 1.29244986
 1.55962315 1.83132804 2.06011394 2.17065263 2.08454004 1.77815039
 1.32262182 0.84597703 0.457093   0.21231499 0.12973835]"
76808,C2v,50,50,0000000000000000000000111111000000000000000000000000000000000000000000011111111000000000000000000000000000000000000000011111111111100000000000000000000000110000000000000111111111111000000000000011000000001100001100000011111111111111000000110000110000000111111111000111111111111111111110001111111110000001111111110011111111111111111111110011111111100000011011111100111111111111111111111100111111011000000110000111111111111111111111111111111110000110000001110000011111111111110011111111111110000011100000011100000111111111111100111111111111100000111000000111000000111111111111001111111111110000001110000011100000000111111111110011111111111000000001110000111000000000000000111100111100000000000000011100011110000000000000000000000000000000000000000111101111100000000000000000000000000000000000000001111111111000000000000000000000000000000000000000011111111100000000000000000000000000000000000000000011111111000000000000000000000000000000000000000000111111110000000000000000000000000000000000000000001111111000000000000000000000000000000000000000000001111110000000000000000000000000000000000000000000011111000000000000000000000000000000000000000000000011110000000000000000000000000000000000000000000000111100000000000000000000000000000000000000000000001111000000000000000000000000000000000000000000000011110000000000000000000000000000000000000000000000111100000000000000000000000000000000000000000000001111100000000000000000000000000000000000000000000111111000000000000000000000000000000000000000000001111111000000000000000000000000000000000000000000111111110000000000000000000000000000000000000000001111111100000000000000000000000000000000000000000011111111100000000000000000000000000000000000000001111111111000000000000000000000000000000000000000011111011110000000000000000000000000000000000000000111100011100000000000000011110011110000000000000001110000111000000001111111111100111111111110000000011100000111000000111111111111001111111111110000001110000001110000011111111111110011111111111110000011100000011100000111111111111100111111111111100000111000000110000111111111111111111111111111111110000110000001101111110011111111111111111111110011111101100000011111111100111111111111111111111100111111111000000111111111000111111111111111111110001111111110000000110000110000001111111111111100000011000011000000001100000000000001111111111110000000000000110000000000000000000000011111111111100000000000000000000000000000000000000001111111100000000000000000000000000000000000000000001111110000000000000000000000,Plane Strain,18997592.33,3557328.33,9252448.01,0,0,1194464.27,1e-09,,2240000000,0.49253731,"[17629891.06502191 17473423.89075292 17005388.78266729 16231376.53391993
 15165573.43303658 13837504.49313769 12299716.66191809 10633508.30699591
  8948498.19133447  7372207.44350292  6029379.23786059  5016740.82665388
  4383262.64398825  4124312.60613408  4190861.75653913  4507656.42016753
  4992015.47517346  5567569.17995769  6171391.17765133  6755788.70530325
  7286909.13540577  7742010.08610497  8106557.96186899  8371726.43114605
  8532491.34313239  8586332.8187903   8532491.34313235  8371726.43114595
  8106557.96186885  7742010.08610479  7286909.13540556  6755788.70530301
  6171391.17765107  5567569.17995742  4992015.47517321  4507656.42016729
  4190861.75653892  4124312.6061339   4383262.64398809  5016740.82665375
  6029379.23786045  7372207.44350279  8948498.19133434 10633508.30699576
 12299716.66191793 13837504.49313754 15165573.43303644 16231376.53391981
 17005388.78266721 17473423.89075287 17629891.06502191 17473423.89075292
 17005388.78266729 16231376.53391993 15165573.43303658 13837504.49313768
 12299716.66191808 10633508.30699591  8948498.19133447  7372207.44350292
  6029379.23786058  5016740.82665388  4383262.64398825  4124312.60613408
  4190861.75653913  4507656.42016753  4992015.47517347  5567569.17995768
  6171391.17765134  6755788.70530325  7286909.13540577  7742010.08610497
  8106557.961869    8371726.43114605  8532491.34313239  8586332.8187903
  8532491.34313235  8371726.43114596  8106557.96186885  7742010.08610479
  7286909.13540556  6755788.70530301  6171391.17765108  5567569.17995742
  4992015.47517321  4507656.42016729  4190861.75653892  4124312.6061339
  4383262.64398809  5016740.82665375  6029379.23786047  7372207.4435028
  8948498.19133433 10633508.30699577 12299716.66191793 13837504.49313755
 15165573.43303645 16231376.53391981 17005388.78266721 17473423.89075287
 17629891.06502191]","[0.18725154 0.19166864 0.20494436 0.22713924 0.25830972 0.29843431
 0.34729693 0.4043181  0.46833043 0.53731329 0.60813792 0.67642928
 0.73670579 0.78296076 0.80973093 0.81343692 0.79350416 0.75272599
 0.69665328 0.63229537 0.566713   0.50599457 0.45479013 0.41630105
 0.39251225 0.38447428 0.39251225 0.41630105 0.45479013 0.50599457
 0.566713   0.63229537 0.69665328 0.75272599 0.79350416 0.81343692
 0.80973093 0.78296076 0.73670579 0.67642928 0.60813792 0.53731329
 0.46833043 0.4043181  0.34729693 0.29843431 0.25830972 0.22713924
 0.20494436 0.19166864 0.18725154 0.19166864 0.20494436 0.22713924
 0.25830972 0.29843431 0.34729693 0.4043181  0.46833043 0.53731329
 0.60813792 0.67642928 0.73670579 0.78296076 0.80973093 0.81343692
 0.79350416 0.75272599 0.69665328 0.63229537 0.566713   0.50599457
 0.45479013 0.41630105 0.39251225 0.38447428 0.39251225 0.41630105
 0.45479013 0.50599457 0.566713   0.63229537 0.69665328 0.75272599
 0.79350416 0.81343692 0.80973093 0.78296076 0.73670579 0.67642928
 0.60813792 0.53731329 0.46833043 0.4043181  0.34729693 0.29843431
 0.25830972 0.22713924 0.20494436 0.19166864 0.18725154]"
9465,C2v,50,50,0000000000000000000011111111110000000000000000000000000000000000000000111111111100000000000000000000000000000000000000001111111111000000000000000000000000000000000000000011111111110000000000000000000000000000000000001001111111111110010000000000000000000000000000000011111111111111111100000000000000000000000000000000111111111111111111000000000000000000000000000000011111111111111111111000000000000000000000000000111111111111111111111111110000000000000000000000011111111111111111111111111110000000000000000000000111111111111111111111111111100000000000000000011111111111111111111111111111111111100000000000000111111111111111111111111111111111111000000000000001111111111111111111111111111111111110000000000000111111111111111111111111111111111111110000000000001111111111111111111111111111111111111100000000000011111111111111111111111111111111111111000000000001111111111111111111111111111111111111111000000001111111111111111111111111111111111111111111100000011111111111111111111111111111111111111111111000000111111111111111111111111111111111111111111110001111111111111111111111111111111111111111111111111111111111111111111111111111111111111111111111111111111111111111111111111111111111111111111111111111111111111111111111111111111111111111111111111111111111111111111111111111111111111111111111111111111111111111111111111111111111111111111111111111111111111111111111111111111111111111111111111111111111111111111111111111111111111111111111111111111111111111000111111111111111111111111111111111111111111110000001111111111111111111111111111111111111111111100000011111111111111111111111111111111111111111111000000001111111111111111111111111111111111111111000000000001111111111111111111111111111111111111100000000000011111111111111111111111111111111111111000000000000111111111111111111111111111111111111110000000000000111111111111111111111111111111111111000000000000001111111111111111111111111111111111110000000000000011111111111111111111111111111111111100000000000000000011111111111111111111111111110000000000000000000000111111111111111111111111111100000000000000000000000111111111111111111111111110000000000000000000000000001111111111111111111100000000000000000000000000000001111111111111111110000000000000000000000000000000011111111111111111100000000000000000000000000000000100111111111111001000000000000000000000000000000000000111111111100000000000000000000000000000000000000001111111111000000000000000000000000000000000000000011111111110000000000000000000000000000000000000000111111111100000000000000000000,Plane Strain,619822894.7,116503617.0,671120843.3,0,0,125472543.9,1e-09,,2240000000,0.49253731,"[5.99598381e+08 5.96776842e+08 5.88380331e+08 5.74626015e+08
 5.55917723e+08 5.32904626e+08 5.06552252e+08 4.78208585e+08
 4.49636918e+08 4.22977426e+08 4.00599788e+08 3.84830445e+08
 3.77584591e+08 3.79991031e+08 3.92133191e+08 4.13007319e+08
 4.40718515e+08 4.72840870e+08 5.06816218e+08 5.40279461e+08
 5.71254296e+08 5.98221152e+08 6.20093489e+08 6.36146611e+08
 6.45935132e+08 6.49222503e+08 6.45935132e+08 6.36146611e+08
 6.20093489e+08 5.98221152e+08 5.71254296e+08 5.40279461e+08
 5.06816218e+08 4.72840870e+08 4.40718515e+08 4.13007319e+08
 3.92133191e+08 3.79991031e+08 3.77584591e+08 3.84830445e+08
 4.00599788e+08 4.22977426e+08 4.49636918e+08 4.78208585e+08
 5.06552252e+08 5.32904626e+08 5.55917723e+08 5.74626015e+08
 5.88380331e+08 5.96776842e+08 5.99598381e+08 5.96776842e+08
 5.88380331e+08 5.74626015e+08 5.55917723e+08 5.32904626e+08
 5.06552252e+08 4.78208585e+08 4.49636918e+08 4.22977426e+08
 4.00599788e+08 3.84830445e+08 3.77584591e+08 3.79991031e+08
 3.92133191e+08 4.13007319e+08 4.40718515e+08 4.72840870e+08
 5.06816218e+08 5.40279461e+08 5.71254296e+08 5.98221152e+08
 6.20093489e+08 6.36146611e+08 6.45935132e+08 6.49222503e+08
 6.45935132e+08 6.36146611e+08 6.20093489e+08 5.98221152e+08
 5.71254296e+08 5.40279461e+08 5.06816218e+08 4.72840870e+08
 4.40718515e+08 4.13007319e+08 3.92133191e+08 3.79991031e+08
 3.77584591e+08 3.84830445e+08 4.00599788e+08 4.22977426e+08
 4.49636918e+08 4.78208585e+08 5.06552252e+08 5.32904626e+08
 5.55917723e+08 5.74626015e+08 5.88380331e+08 5.96776842e+08
 5.99598381e+08]","[0.18796275 0.19209987 0.20440298 0.2245273  0.25183357 0.2853002
 0.32342308 0.36413492 0.40479155 0.44228174 0.47330331 0.49480137
 0.50448795 0.50129309 0.48558663 0.45908438 0.42447772 0.38492702
 0.34358104 0.30323324 0.26614731 0.23402506 0.20806415 0.18905499
 0.17748029 0.17359559 0.17748029 0.18905499 0.20806415 0.23402506
 0.26614731 0.30323324 0.34358104 0.38492702 0.42447772 0.45908438
 0.48558663 0.50129309 0.50448795 0.49480137 0.47330331 0.44228174
 0.40479155 0.36413492 0.32342308 0.2853002  0.25183357 0.2245273
 0.20440298 0.19209987 0.18796275 0.19209987 0.20440298 0.2245273
 0.25183357 0.2853002  0.32342308 0.36413492 0.40479155 0.44228174
 0.47330331 0.49480137 0.50448795 0.50129309 0.48558663 0.45908438
 0.42447772 0.38492702 0.34358104 0.30323324 0.26614731 0.23402506
 0.20806415 0.18905499 0.17748029 0.17359559 0.17748029 0.18905499
 0.20806415 0.23402506 0.26614731 0.30323324 0.34358104 0.38492702
 0.42447772 0.45908438 0.48558663 0.50129309 0.50448795 0.49480137
 0.47330331 0.44228174 0.40479155 0.36413492 0.32342308 0.2853002
 0.25183357 0.2245273  0.20440298 0.19209987 0.18796275]"
66756,C2v,50,50,1111110011111111111111111111111111111111110011111111111100111111111111111111111111111111111100111111000011111111111111111111111111111111111111111100000000111111111111111111111111111111111111111111000000000111111111111111111111111111111111111111100000000001111111111111111111111111111111111111111000000000001111111111111111111111111111111111111100000000000011111111111111111111111111111111111111000000000000111111111111111111111111111111111111110000000000000000111111111111111111111111111111000000000000000000001111111111111111111111111111110000000000000000000011111111111111111111111111111100000000000000000000111111111111111111111111111111000000000000000000001000011111111111111111111000010000000000000000000000000011111111111111111100000000000000000000000000000000111111111111111111000000000000000000000000000000001111111111111111110000000000000000000000000000000011111111111111111100000000000000000000000000000000111111111111111111000000000000000000000000000000001111111111111111110000000000000000000000000000011111111111111111111111100000000000000000000000000111111111111111111111111000000000000000000000000011111111111111111111111111000000000000000000000000111111111111111111111111110000000000000000000000001111111111111111111111111100000000000000000000000011111111111111111111111111000000000000000000000000111111111111111111111111110000000000000000000000001111111111111111111111111100000000000000000000000001111111111111111111111110000000000000000000000000011111111111111111111111100000000000000000000000000000111111111111111111000000000000000000000000000000001111111111111111110000000000000000000000000000000011111111111111111100000000000000000000000000000000111111111111111111000000000000000000000000000000001111111111111111110000000000000000000000000000000011111111111111111100000000000000000000000000100001111111111111111111100001000000000000000000001111111111111111111111111111110000000000000000000011111111111111111111111111111100000000000000000000111111111111111111111111111111000000000000000000001111111111111111111111111111110000000000000000111111111111111111111111111111111111110000000000001111111111111111111111111111111111111100000000000011111111111111111111111111111111111111000000000001111111111111111111111111111111111111111000000000011111111111111111111111111111111111111110000000001111111111111111111111111111111111111111110000000011111111111111111111111111111111111111111100001111110011111111111111111111111111111111110011111111111100111111111111111111111111111111111100111111,Plane Strain,287874349.0,63355040.74,846726201.3,0,0,51196981.89,1e-09,,2240000000,0.49253731,"[2.83133901e+08 2.81666412e+08 2.77280865e+08 2.70034898e+08
 2.60048512e+08 2.47543447e+08 2.32904915e+08 2.16770934e+08
 2.00152197e+08 1.84576770e+08 1.72233263e+08 1.66048319e+08
 1.69582808e+08 1.86596120e+08 2.20181258e+08 2.71594579e+08
 3.39250943e+08 4.18538482e+08 5.02780324e+08 5.84941785e+08
 6.59203394e+08 7.21737733e+08 7.70634001e+08 8.05330619e+08
 8.25952220e+08 8.32783100e+08 8.25952220e+08 8.05330619e+08
 7.70634001e+08 7.21737733e+08 6.59203394e+08 5.84941785e+08
 5.02780324e+08 4.18538482e+08 3.39250943e+08 2.71594579e+08
 2.20181258e+08 1.86596120e+08 1.69582808e+08 1.66048319e+08
 1.72233263e+08 1.84576770e+08 2.00152197e+08 2.16770934e+08
 2.32904915e+08 2.47543447e+08 2.60048512e+08 2.70034898e+08
 2.77280865e+08 2.81666412e+08 2.83133901e+08 2.81666412e+08
 2.77280865e+08 2.70034898e+08 2.60048512e+08 2.47543447e+08
 2.32904915e+08 2.16770934e+08 2.00152197e+08 1.84576770e+08
 1.72233263e+08 1.66048319e+08 1.69582808e+08 1.86596120e+08
 2.20181258e+08 2.71594579e+08 3.39250943e+08 4.18538482e+08
 5.02780324e+08 5.84941785e+08 6.59203394e+08 7.21737733e+08
 7.70634001e+08 8.05330619e+08 8.25952220e+08 8.32783100e+08
 8.25952220e+08 8.05330619e+08 7.70634001e+08 7.21737733e+08
 6.59203394e+08 5.84941785e+08 5.02780324e+08 4.18538482e+08
 3.39250943e+08 2.71594579e+08 2.20181258e+08 1.86596120e+08
 1.69582808e+08 1.66048319e+08 1.72233263e+08 1.84576770e+08
 2.00152197e+08 2.16770934e+08 2.32904915e+08 2.47543447e+08
 2.60048512e+08 2.70034898e+08 2.77280865e+08 2.81666412e+08
 2.83133901e+08]","[0.2200788  0.23179987 0.26658276 0.32310755 0.39860906 0.48817274
 0.5841408  0.67615254 0.75237491 0.80201866 0.81830165 0.80033955
 0.75289015 0.68424373 0.60357107 0.51893069 0.4363555  0.35979844
 0.2915194  0.23258599 0.18331817 0.14362238 0.11321887 0.09178627
 0.07904844 0.07482353 0.07904844 0.09178627 0.11321887 0.14362238
 0.18331817 0.23258599 0.2915194  0.35979844 0.4363555  0.51893069
 0.60357107 0.68424373 0.75289015 0.80033955 0.81830165 0.80201866
 0.75237491 0.67615254 0.5841408  0.48817274 0.39860906 0.32310755
 0.26658276 0.23179987 0.2200788  0.23179987 0.26658276 0.32310755
 0.39860906 0.48817274 0.5841408  0.67615254 0.75237491 0.80201866
 0.81830165 0.80033955 0.75289015 0.68424373 0.60357107 0.51893069
 0.4363555  0.35979844 0.2915194  0.23258599 0.18331817 0.14362238
 0.11321887 0.09178627 0.07904844 0.07482353 0.07904844 0.09178627
 0.11321887 0.14362238 0.18331817 0.23258599 0.2915194  0.35979844
 0.4363555  0.51893069 0.60357107 0.68424373 0.75289015 0.80033955
 0.81830165 0.80201866 0.75237491 0.67615254 0.5841408  0.48817274
 0.39860906 0.32310755 0.26658276 0.23179987 0.2200788 ]"
20941,C2v,50,50,0000000011111110000000000000000000011111110000000000000000111111110000000000000000001111111100000000000000001111111111111110000111111111111111000000000000000011111111111111111111111111111111110000000000000000111111111111111111111111111111111100000000000000001111111111111111111111111111111111000000000000000011111111111111111111111111111111110000000000000000111111111111111111111111111111111100000000000000001111111111111111111111111111111111000000000000000011111111111111111111111111111111110000000000000000111111111111111111111111111111111100000000000000001111111111111111111111111111111111000000000000000011111111111111111111111111111111110000000000000000111111111111111111111111111111111100000000000000001111111111111111111111111111111111000000000000011111111111111111111111111111111111111110000000001111111111111111111111111111111111111111110000000001111111111111111111111111111111111111111000000000011111111111111111111111111111111111111110000000000111111111111111111111111111111111111111100000000001111111111111111111111111111111111111111000000000111111111111111111111111111111111111111111000011111111111111111111111111111111111111111111111111111111111111111111111111111111111111111111111111111111111111111111111111111111111111111111111111111111111111111111111111111111111111111111111111111111111111111111111111111111111111111111111111111111111111111111111111111111111111111111111111111111111100001111111111111111111111111111111111111111110000000001111111111111111111111111111111111111111000000000011111111111111111111111111111111111111110000000000111111111111111111111111111111111111111100000000001111111111111111111111111111111111111111000000000111111111111111111111111111111111111111111000000000111111111111111111111111111111111111111100000000000001111111111111111111111111111111111000000000000000011111111111111111111111111111111110000000000000000111111111111111111111111111111111100000000000000001111111111111111111111111111111111000000000000000011111111111111111111111111111111110000000000000000111111111111111111111111111111111100000000000000001111111111111111111111111111111111000000000000000011111111111111111111111111111111110000000000000000111111111111111111111111111111111100000000000000001111111111111111111111111111111111000000000000000011111111111111111111111111111111110000000000000000111111111111111111111111111111111100000000000000001111111111111110000111111111111111000000000000000011111111000000000000000000111111110000000000000000111111100000000000000000000111111100000000,Plane Strain,483295764.2,72641930.03,905011172.8,0,0,96397872.12,1e-09,,2240000000,0.49253731,"[4.77465063e+08 4.75171759e+08 4.68326653e+08 4.57045768e+08
 4.41562193e+08 4.22288755e+08 3.99910070e+08 3.75502871e+08
 3.50673159e+08 3.27678060e+08 3.09468655e+08 2.99556741e+08
 3.01602653e+08 3.18689393e+08 3.52417067e+08 4.02156570e+08
 4.64866768e+08 5.35659994e+08 6.08896854e+08 6.79320249e+08
 7.42804972e+08 7.96588987e+08 8.39108613e+08 8.69649498e+08
 8.87984810e+08 8.94092703e+08 8.87984810e+08 8.69649498e+08
 8.39108613e+08 7.96588987e+08 7.42804972e+08 6.79320249e+08
 6.08896854e+08 5.35659994e+08 4.64866768e+08 4.02156570e+08
 3.52417067e+08 3.18689393e+08 3.01602653e+08 2.99556741e+08
 3.09468655e+08 3.27678060e+08 3.50673159e+08 3.75502871e+08
 3.99910070e+08 4.22288755e+08 4.41562193e+08 4.57045768e+08
 4.68326653e+08 4.75171759e+08 4.77465063e+08 4.75171759e+08
 4.68326653e+08 4.57045768e+08 4.41562193e+08 4.22288755e+08
 3.99910070e+08 3.75502871e+08 3.50673159e+08 3.27678060e+08
 3.09468655e+08 2.99556741e+08 3.01602653e+08 3.18689393e+08
 3.52417067e+08 4.02156570e+08 4.64866768e+08 5.35659994e+08
 6.08896854e+08 6.79320249e+08 7.42804972e+08 7.96588987e+08
 8.39108613e+08 8.69649498e+08 8.87984810e+08 8.94092703e+08
 8.87984810e+08 8.69649498e+08 8.39108613e+08 7.96588987e+08
 7.42804972e+08 6.79320249e+08 6.08896854e+08 5.35659994e+08
 4.64866768e+08 4.02156570e+08 3.52417067e+08 3.18689393e+08
 3.01602653e+08 2.99556741e+08 3.09468655e+08 3.27678060e+08
 3.50673159e+08 3.75502871e+08 3.99910070e+08 4.22288755e+08
 4.41562193e+08 4.57045768e+08 4.68326653e+08 4.75171759e+08
 4.77465063e+08]","[0.15030533 0.15782919 0.18020963 0.21679971 0.26628396 0.32635911
 0.39339262 0.46222184 0.52632639 0.57857887 0.61256401 0.62408735
 0.61222544 0.57940058 0.53047821 0.47138198 0.40783213 0.34456286
 0.28504931 0.2315869  0.18553697 0.14760552 0.11808649 0.09704711
 0.08445637 0.08026634 0.08445637 0.09704711 0.11808649 0.14760552
 0.18553697 0.2315869  0.28504931 0.34456286 0.40783213 0.47138198
 0.53047821 0.57940058 0.61222544 0.62408735 0.61256401 0.57857887
 0.52632639 0.46222184 0.39339262 0.32635911 0.26628396 0.21679971
 0.18020963 0.15782919 0.15030533 0.15782919 0.18020963 0.21679971
 0.26628396 0.32635911 0.39339262 0.46222184 0.52632639 0.57857887
 0.61256401 0.62408735 0.61222544 0.57940058 0.53047821 0.47138198
 0.40783213 0.34456286 0.28504931 0.2315869  0.18553697 0.14760552
 0.11808649 0.09704711 0.08445637 0.08026634 0.08445637 0.09704711
 0.11808649 0.14760552 0.18553697 0.2315869  0.28504931 0.34456286
 0.40783213 0.47138198 0.53047821 0.57940058 0.61222544 0.62408735
 0.61256401 0.57857887 0.52632639 0.46222184 0.39339262 0.32635911
 0.26628396 0.21679971 0.18020963 0.15782919 0.15030533]"
41745,C2v,50,50,0000000011000000000000000000000000000000110000000000000000110000000000000000000000000000001100000000001000011110000000010000000000100000000111100001000011111111100000001100000000001100000001111111110001111111111100000111000000000011100000111111111110111111111111111111110000000000111111111111111111111111111111111111111100000000001111111111111111111111111111111111111111000000000011111111111111111111111111111111111111110000000000111111111111111111111111111111111111111100000000001111111111111111111111111111111111111111111111111111111111111111111111000111111111111111111111111111111111111111111110000001111111111111111111111111111111111111111111100000011111111111111111111111111111111111111111111000001111111111111111111111111111111111111111111111000011111111111111111111111111111111111111111111110011111111111111111111111111111111111111111111111111111111111111111111111111111111111111111111111111111111111111111111111111111111111111111111111111111100111111111111111111111111111111111111111111111100001000011111111111111111111111111111111111100001000000000011111111111111111111111111111111110000000000000000111111111111111111111111111111111100000000000000001111111111111111111111111111111111000000000000000011111111111111111111111111111111110000000000000000111111111111111111111111111111111100000000000000001111111111111111111111111111111111000000000000000011111111111111111111111111111111110000000000000000111111111111111111111111111111111100000000001000011111111111111111111111111111111111100001000011111111111111111111111111111111111111111111110011111111111111111111111111111111111111111111111111111111111111111111111111111111111111111111111111111111111111111111111111111111111111111111111111111100111111111111111111111111111111111111111111111100001111111111111111111111111111111111111111111111000001111111111111111111111111111111111111111111100000011111111111111111111111111111111111111111111000000111111111111111111111111111111111111111111110001111111111111111111111111111111111111111111111111111111111111111111111000000000011111111111111111111111111111111111111110000000000111111111111111111111111111111111111111100000000001111111111111111111111111111111111111111000000000011111111111111111111111111111111111111110000000000111111111111111111110111111111110000011100000000001110000011111111111000111111111000000011000000000011000000011111111100001000011110000000010000000000100000000111100001000000000011000000000000000000000000000000110000000000000000110000000000000000000000000000001100000000,Plane Strain,1022859448.0,202548204.8,533463100.5,0,0,107653942.9,1e-09,,2240000000,0.49253731,"[9.45954831e+08 9.38897755e+08 9.17873995e+08 8.83374942e+08
 8.36373602e+08 7.78519234e+08 7.12326262e+08 6.41261608e+08
 5.69621110e+08 5.02123632e+08 4.43256007e+08 3.96537185e+08
 3.63949639e+08 3.45737182e+08 3.40608669e+08 3.46221093e+08
 3.59742018e+08 3.78325671e+08 3.99424553e+08 4.20937254e+08
 4.41234927e+08 4.59117123e+08 4.73737912e+08 4.84528758e+08
 4.91132424e+08 4.93354193e+08 4.91132424e+08 4.84528758e+08
 4.73737912e+08 4.59117123e+08 4.41234927e+08 4.20937254e+08
 3.99424553e+08 3.78325671e+08 3.59742018e+08 3.46221093e+08
 3.40608669e+08 3.45737182e+08 3.63949639e+08 3.96537185e+08
 4.43256007e+08 5.02123632e+08 5.69621110e+08 6.41261608e+08
 7.12326262e+08 7.78519234e+08 8.36373602e+08 8.83374942e+08
 9.17873995e+08 9.38897755e+08 9.45954831e+08 9.38897755e+08
 9.17873995e+08 8.83374942e+08 8.36373602e+08 7.78519234e+08
 7.12326262e+08 6.41261608e+08 5.69621110e+08 5.02123632e+08
 4.43256007e+08 3.96537185e+08 3.63949639e+08 3.45737182e+08
 3.40608669e+08 3.46221093e+08 3.59742018e+08 3.78325671e+08
 3.99424553e+08 4.20937254e+08 4.41234927e+08 4.59117123e+08
 4.73737912e+08 4.84528758e+08 4.91132424e+08 4.93354193e+08
 4.91132424e+08 4.84528758e+08 4.73737912e+08 4.59117123e+08
 4.41234927e+08 4.20937254e+08 3.99424553e+08 3.78325671e+08
 3.59742018e+08 3.46221093e+08 3.40608669e+08 3.45737182e+08
 3.63949639e+08 3.96537185e+08 4.43256007e+08 5.02123632e+08
 5.69621110e+08 6.41261608e+08 7.12326262e+08 7.78519234e+08
 8.36373602e+08 8.83374942e+08 9.17873995e+08 9.38897755e+08
 9.45954831e+08]","[0.19802154 0.20172686 0.21283233 0.23129564 0.25700895 0.28974037
 0.32904778 0.3741653  0.42386872 0.47634024 0.5290723  0.57887329
 0.62204961 0.65481742 0.67392526 0.67735467 0.66487004 0.6381924
 0.60070879 0.55682735 0.51122075 0.46819318 0.43129495 0.40318198
 0.38564119 0.3796855  0.38564119 0.40318198 0.43129495 0.46819318
 0.51122075 0.55682735 0.60070879 0.6381924  0.66487004 0.67735467
 0.67392526 0.65481742 0.62204961 0.57887329 0.5290723  0.47634024
 0.42386872 0.3741653  0.32904778 0.28974037 0.25700895 0.23129564
 0.21283233 0.20172686 0.19802154 0.20172686 0.21283233 0.23129564
 0.25700895 0.28974037 0.32904778 0.3741653  0.42386872 0.47634024
 0.5290723  0.57887329 0.62204961 0.65481742 0.67392526 0.67735467
 0.66487004 0.6381924  0.60070879 0.55682735 0.51122075 0.46819318
 0.43129495 0.40318198 0.38564119 0.3796855  0.38564119 0.40318198
 0.43129495 0.46819318 0.51122075 0.55682735 0.60070879 0.6381924
 0.66487004 0.67735467 0.67392526 0.65481742 0.62204961 0.57887329
 0.5290723  0.47634024 0.42386872 0.3741653  0.32904778 0.28974037
 0.25700895 0.23129564 0.21283233 0.20172686 0.19802154]"
1419,C2v,50,50,0000000001111111111111111111111111111111100000000000000000111111111111111111111111111111111100000000000000011111111111111111111111111111111111100000000000111111111111111111111111111111111111111111000000011111111111111111111111111111111111111111111000000111111111111111111111111111111111111111111110000001111111111111111111111111111111111111111111100000011111111111111111111111111111111111111111111000000111111111111111111111111111111111111111111110000001111111111111100011111111110001111111111111100001111111111111111000111111111100011111111111111110011111111111111110000111111110000111111111111111101111111111111111000001111111100000111111111111111111111111111111100000011111111000000111111111111111111111111111111000000111111110000001111111111111111111111111111100000011111111110000001111111111111111111111111110000001111111111110000001111111111111111111111111000000011110000111100000001111111111111111111111100000001111000000111100000001111111111111111111111000000011110000001111000000011111111111111111111111000001111000000001111000001111111111111111111111111111111110000000011111111111111111111111111111111111111110000000000001111111111111111111111111111111111111000000000000001111111111111111111111111111111111110000000000000011111111111111111111111111111111111100000000000000111111111111111111111111111111111111000000000000001111111111111111111111111111111111111000000000000111111111111111111111111111111111111111100000000111111111111111111111111111111111000001111000000001111000001111111111111111111111100000001111000000111100000001111111111111111111111000000011110000001111000000011111111111111111111111000000011110000111100000001111111111111111111111111000000111111111111000000111111111111111111111111111000000111111111100000011111111111111111111111111111000000111111110000001111111111111111111111111111110000001111111100000011111111111111111111111111111110000011111111000001111111111111111011111111111111110000111111110000111111111111111100111111111111111100011111111110001111111111111111000011111111111111000111111111100011111111111111000000111111111111111111111111111111111111111111110000001111111111111111111111111111111111111111111100000011111111111111111111111111111111111111111111000000111111111111111111111111111111111111111111110000001111111111111111111111111111111111111111111100000001111111111111111111111111111111111111111110000000000011111111111111111111111111111111111100000000000000011111111111111111111111111111111110000000000000000011111111111111111111111111111111000000000,Plane Strain,650700420.0,490204249.0,1011705374.0,0,0,407572128.1,1e-09,,2240000000,0.49253731,"[4.13180474e+08 4.22453720e+08 4.49478579e+08 4.92008596e+08
 5.46715853e+08 6.09681436e+08 6.76878198e+08 7.44549302e+08
 8.09439954e+08 8.68888561e+08 9.20812306e+08 9.63630633e+08
 9.96165586e+08 1.01754875e+09 1.02715614e+09 1.02458745e+09
 1.00970408e+09 9.82739776e+08 9.44493048e+08 8.96595342e+08
 8.41812433e+08 7.84274294e+08 7.29454887e+08 6.83693704e+08
 6.53155601e+08 6.42410690e+08 6.53155601e+08 6.83693704e+08
 7.29454887e+08 7.84274294e+08 8.41812433e+08 8.96595342e+08
 9.44493048e+08 9.82739776e+08 1.00970408e+09 1.02458745e+09
 1.02715614e+09 1.01754875e+09 9.96165586e+08 9.63630633e+08
 9.20812306e+08 8.68888561e+08 8.09439954e+08 7.44549302e+08
 6.76878198e+08 6.09681436e+08 5.46715853e+08 4.92008596e+08
 4.49478579e+08 4.22453720e+08 4.13180474e+08 4.22453720e+08
 4.49478579e+08 4.92008596e+08 5.46715853e+08 6.09681436e+08
 6.76878198e+08 7.44549302e+08 8.09439954e+08 8.68888561e+08
 9.20812306e+08 9.63630633e+08 9.96165586e+08 1.01754875e+09
 1.02715614e+09 1.02458745e+09 1.00970408e+09 9.82739776e+08
 9.44493048e+08 8.96595342e+08 8.41812433e+08 7.84274294e+08
 7.29454887e+08 6.83693704e+08 6.53155601e+08 6.42410690e+08
 6.53155601e+08 6.83693704e+08 7.29454887e+08 7.84274294e+08
 8.41812433e+08 8.96595342e+08 9.44493048e+08 9.82739776e+08
 1.00970408e+09 1.02458745e+09 1.02715614e+09 1.01754875e+09
 9.96165586e+08 9.63630633e+08 9.20812306e+08 8.68888561e+08
 8.09439954e+08 7.44549302e+08 6.76878198e+08 6.09681436e+08
 5.46715853e+08 4.92008596e+08 4.49478579e+08 4.22453720e+08
 4.13180474e+08]","[0.7533486  0.74175781 0.70867127 0.65862714 0.59773855 0.53227516
 0.46762486 0.40781737 0.35550691 0.31220631 0.27859514 0.25479791
 0.2405913  0.23553543 0.23903967 0.25037768 0.26866534 0.29281556
 0.32148478 0.35303002 0.38549951 0.4166822  0.44423613 0.4658995
 0.47976064 0.48453261 0.47976064 0.4658995  0.44423613 0.4166822
 0.38549951 0.35303002 0.32148478 0.29281556 0.26866534 0.25037768
 0.23903967 0.23553543 0.2405913  0.25479791 0.27859514 0.31220631
 0.35550691 0.40781737 0.46762486 0.53227516 0.59773855 0.65862714
 0.70867127 0.74175781 0.7533486  0.74175781 0.70867127 0.65862714
 0.59773855 0.53227516 0.46762486 0.40781737 0.35550691 0.31220631
 0.27859514 0.25479791 0.2405913  0.23553543 0.23903967 0.25037768
 0.26866534 0.29281556 0.32148478 0.35303002 0.38549951 0.4166822
 0.44423613 0.4658995  0.47976064 0.48453261 0.47976064 0.4658995
 0.44423613 0.4166822  0.38549951 0.35303002 0.32148478 0.29281556
 0.26866534 0.25037768 0.23903967 0.23553543 0.2405913  0.25479791
 0.27859514 0.31220631 0.35550691 0.40781737 0.46762486 0.53227516
 0.59773855 0.65862714 0.70867127 0.74175781 0.7533486 ]"
57228,C2v,50,50,1111111111111111111111111111111111111111111111111111111111111111111111111111111111111111111111111111111111111111111111111111111111111111111111111111111111111111111111111111111111111111111111111111111111111111111111111111111111111111111111111111111111111111111111111111111111111111111111111111111111111111111111111111111111111111111111111111111111111111111111111111111111111111111111111111111111111111111100001111111111111111111111111111111111000011111000000011111111111111111111111111111111110000000110000000011111111111111111111111111111111000000001100001111111111111111111111111111111111111111000011000011111111111111111111111111111111111111110000110000111111100000000000000000000000000111111100001100001111111100000000000000000000000011111111000011000011111111000000000000000000000000111111110000100000111111110000000000000000000000001111111100000000001111111111110000000000000000111111111111000000000011111111111100000000000000001111111111110000000000111111111111000000000000000011111111111100000111111111111111111111111001111111111111111111111111111111111111111111111111111111111111111111111111111111111111111111111111111111111111111111111111111111111111111111111111111111111111111111111111111111111111111111111111111111111111111111111111111111111111111111111111111111111111111111111111111111111111111111111111111111111111111111111111111111111111111111111111111111111111111111111111111111111111111111111111111111111111111111111111111111111111111111111111111111111111111001111111111111111111111110000011111111111100000000000000001111111111110000000000111111111111000000000000000011111111111100000000001111111111110000000000000000111111111111000000000011111111000000000000000000000000111111110000010000111111110000000000000000000000001111111100001100001111111100000000000000000000000011111111000011000011111110000000000000000000000000011111110000110000111111111111111111111111111111111111111100001100001111111111111111111111111111111111111111000011000000001111111111111111111111111111111100000000110000000111111111111111111111111111111111100000001111100001111111111111111111111111111111111000011111111111111111111111111111111111111111111111111111111111111111111111111111111111111111111111111111111111111111111111111111111111111111111111111111111111111111111111111111111111111111111111111111111111111111111111111111111111111111111111111111111111111111111111111111111111111111111111111111111111111111111111111111111111111111111111111111111111111111111111111111111111111111111111111111111111111111111,Plane Strain,1270817288.0,142122761.2,573560605.5,0,0,163811432.0,1e-09,,2240000000,0.49253731,"[1.23560064e+09 1.22746294e+09 1.20315552e+09 1.16306434e+09
 1.10805108e+09 1.03973455e+09 9.60773937e+08 8.75021242e+08
 7.87391905e+08 7.03361657e+08 6.28150494e+08 5.65834895e+08
 5.18708836e+08 4.87112793e+08 4.69729302e+08 4.64157211e+08
 4.67526845e+08 4.76988147e+08 4.90011105e+08 5.04517203e+08
 5.18894337e+08 5.31948221e+08 5.42829523e+08 5.50960555e+08
 5.55973654e+08 5.57666205e+08 5.55973654e+08 5.50960555e+08
 5.42829523e+08 5.31948221e+08 5.18894337e+08 5.04517203e+08
 4.90011105e+08 4.76988147e+08 4.67526845e+08 4.64157211e+08
 4.69729302e+08 4.87112793e+08 5.18708836e+08 5.65834895e+08
 6.28150494e+08 7.03361657e+08 7.87391905e+08 8.75021242e+08
 9.60773937e+08 1.03973455e+09 1.10805108e+09 1.16306434e+09
 1.20315552e+09 1.22746294e+09 1.23560064e+09 1.22746294e+09
 1.20315552e+09 1.16306434e+09 1.10805108e+09 1.03973455e+09
 9.60773937e+08 8.75021242e+08 7.87391905e+08 7.03361657e+08
 6.28150494e+08 5.65834895e+08 5.18708836e+08 4.87112793e+08
 4.69729302e+08 4.64157211e+08 4.67526845e+08 4.76988147e+08
 4.90011105e+08 5.04517203e+08 5.18894337e+08 5.31948221e+08
 5.42829523e+08 5.50960555e+08 5.55973654e+08 5.57666205e+08
 5.55973654e+08 5.50960555e+08 5.42829523e+08 5.31948221e+08
 5.18894337e+08 5.04517203e+08 4.90011105e+08 4.76988147e+08
 4.67526845e+08 4.64157211e+08 4.69729302e+08 4.87112793e+08
 5.18708836e+08 5.65834895e+08 6.28150494e+08 7.03361657e+08
 7.87391905e+08 8.75021242e+08 9.60773937e+08 1.03973455e+09
 1.10805108e+09 1.16306434e+09 1.20315552e+09 1.22746294e+09
 1.23560064e+09]","[0.11183572 0.11520337 0.12530471 0.14212582 0.165612   0.19561746
 0.23182919 0.27366245 0.32012948 0.36969365 0.42013995 0.46851815
 0.51123845 0.54439938 0.56437594 0.56858131 0.55617841 0.52845624
 0.48868374 0.44148235 0.39196849 0.34497071 0.30451821 0.27363313
 0.25434274 0.24779031 0.25434274 0.27363313 0.30451821 0.34497071
 0.39196849 0.44148235 0.48868374 0.52845624 0.55617841 0.56858131
 0.56437594 0.54439938 0.51123845 0.46851815 0.42013995 0.36969365
 0.32012948 0.27366245 0.23182919 0.19561746 0.165612   0.14212582
 0.12530471 0.11520337 0.11183572 0.11520337 0.12530471 0.14212582
 0.165612   0.19561746 0.23182919 0.27366245 0.32012948 0.36969365
 0.42013995 0.46851815 0.51123845 0.54439938 0.56437594 0.56858131
 0.55617841 0.52845624 0.48868374 0.44148235 0.39196849 0.34497071
 0.30451821 0.27363313 0.25434274 0.24779031 0.25434274 0.27363313
 0.30451821 0.34497071 0.39196849 0.44148235 0.48868374 0.52845624
 0.55617841 0.56858131 0.56437594 0.54439938 0.51123845 0.46851815
 0.42013995 0.36969365 0.32012948 0.27366245 0.23182919 0.19561746
 0.165612   0.14212582 0.12530471 0.11520337 0.11183572]"
33753,C2v,50,50,0000000000000000001111111111111100000000000000000000000000000000000011111111111111000000000000000000000000000000000000111111111111110000000000000000000000000000000000001111111111111100000000000000000000100000000000001111111111111111110000000000000100111000000000000111111111111111111110000000000001111111000000000001111111111111111111100000000000111111110000000000011111111111111111111000000000001111111111111111111111111111111111111111111111111111110001111111111111111111111111111111111111111111100000011111111111111111111111111111111111111111111000000111111111111111111111111111111111111111111110000000000001111111111111111111111111111111100000000000000000011111111111111111111111111111111000000000000000000111111111111111111111111111111110000000000000000001111111111111111111111111111111100000000000000000011111111111111111111111111111111000000000000000000111111111111111111111111111111110000000000000000001111111111111111111111111111111100000000000000000011111111111111111111111111111111000000000000000000111111111111111111111111111111110000000000000000011111111111111111111111111111111110000000000000000111111111111111111111111111111111100000000000000001111111111111111111111111111111111000000000000000111111111111111111111111111111111111000000000000001111111111111111111111111111111111110000000000000001111111111111111111111111111111111000000000000000011111111111111111111111111111111110000000000000000111111111111111111111111111111111100000000000000000111111111111111111111111111111110000000000000000001111111111111111111111111111111100000000000000000011111111111111111111111111111111000000000000000000111111111111111111111111111111110000000000000000001111111111111111111111111111111100000000000000000011111111111111111111111111111111000000000000000000111111111111111111111111111111110000000000000000001111111111111111111111111111111100000000000000000011111111111111111111111111111111000000000000111111111111111111111111111111111111111111110000001111111111111111111111111111111111111111111100000011111111111111111111111111111111111111111111000111111111111111111111111111111111111111111111111111111000000000001111111111111111111100000000000111111110000000000011111111111111111111000000000001111111000000000000111111111111111111110000000000001110010000000000000111111111111111111000000000000010000000000000000000011111111111111000000000000000000000000000000000000111111111111110000000000000000000000000000000000001111111111111100000000000000000000000000000000000011111111111111000000000000000000,Plane Strain,205443868.7,15659445.17,798350898.3,0,0,14511812.43,1e-09,,2240000000,0.49253731,"[2.05136713e+08 2.03722779e+08 1.99473055e+08 1.92368330e+08
 1.82393057e+08 1.69564796e+08 1.53985779e+08 1.35928763e+08
 1.15974357e+08 9.52198124e+07 7.55714586e+07 6.00956645e+07
 5.33043803e+07 6.10690266e+07 8.96686534e+07 1.43607444e+08
 2.22735499e+08 3.20577552e+08 4.25823890e+08 5.26493200e+08
 6.13827575e+08 6.83648778e+08 7.35414148e+08 7.70472759e+08
 7.90607333e+08 7.97157296e+08 7.90607333e+08 7.70472759e+08
 7.35414148e+08 6.83648778e+08 6.13827575e+08 5.26493200e+08
 4.25823890e+08 3.20577552e+08 2.22735499e+08 1.43607444e+08
 8.96686534e+07 6.10690266e+07 5.33043803e+07 6.00956645e+07
 7.55714586e+07 9.52198124e+07 1.15974357e+08 1.35928763e+08
 1.53985779e+08 1.69564796e+08 1.82393057e+08 1.92368330e+08
 1.99473055e+08 2.03722779e+08 2.05136713e+08 2.03722779e+08
 1.99473055e+08 1.92368330e+08 1.82393057e+08 1.69564796e+08
 1.53985779e+08 1.35928763e+08 1.15974357e+08 9.52198124e+07
 7.55714586e+07 6.00956645e+07 5.33043803e+07 6.10690266e+07
 8.96686534e+07 1.43607444e+08 2.22735499e+08 3.20577552e+08
 4.25823890e+08 5.26493200e+08 6.13827575e+08 6.83648778e+08
 7.35414148e+08 7.70472759e+08 7.90607333e+08 7.97157296e+08
 7.90607333e+08 7.70472759e+08 7.35414148e+08 6.83648778e+08
 6.13827575e+08 5.26493200e+08 4.25823890e+08 3.20577552e+08
 2.22735499e+08 1.43607444e+08 8.96686534e+07 6.10690266e+07
 5.33043803e+07 6.00956645e+07 7.55714586e+07 9.52198124e+07
 1.15974357e+08 1.35928763e+08 1.53985779e+08 1.69564796e+08
 1.82393057e+08 1.92368330e+08 1.99473055e+08 2.03722779e+08
 2.05136713e+08]","[0.0762225  0.0942772  0.14853053 0.23883049 0.36346855 0.51694052
 0.68723801 0.85425397 0.99196542 1.07592519 1.09299477 1.04638684
 0.95221876 0.83114851 0.70128535 0.57517359 0.45995988 0.35886028
 0.27268946 0.20099952 0.14280055 0.09697105 0.06247286 0.0384541
 0.02429324 0.01961474 0.02429324 0.0384541  0.06247286 0.09697105
 0.14280055 0.20099952 0.27268946 0.35886028 0.45995988 0.57517359
 0.70128535 0.83114851 0.95221876 1.04638684 1.09299477 1.07592519
 0.99196542 0.85425397 0.68723801 0.51694052 0.36346855 0.23883049
 0.14853053 0.0942772  0.0762225  0.0942772  0.14853053 0.23883049
 0.36346855 0.51694052 0.68723801 0.85425397 0.99196542 1.07592519
 1.09299477 1.04638684 0.95221876 0.83114851 0.70128535 0.57517359
 0.45995988 0.35886028 0.27268946 0.20099952 0.14280055 0.09697105
 0.06247286 0.0384541  0.02429324 0.01961474 0.02429324 0.0384541
 0.06247286 0.09697105 0.14280055 0.20099952 0.27268946 0.35886028
 0.45995988 0.57517359 0.70128535 0.83114851 0.95221876 1.04638684
 1.09299477 1.07592519 0.99196542 0.85425397 0.68723801 0.51694052
 0.36346855 0.23883049 0.14853053 0.0942772  0.0762225 ]"
26128,C2v,50,50,0000000000000000001111111111111100000000000000000000000000000000000011111111111111000000000000000000000000000000000000111111111111110000000000000000000000000000000000011111111111111110000000000000000001000000000000011111111111111111111000000000000010110000000000000111111111111111111110000000000000111100000000000001111111111111111111100000000000001111100000001000011111111111111111111000010000000111111111000010000111111111111111111110000100001111110001110000110001111111111111111111100011000011100000011100001100011111111111111111111000110000111000000111000011111111111111111111111111111100001110000000110000111111111111111111111111111111000011000000001100001111111111111111111111111111110000110000000011111111111111111111111111111111111111111100000000011111111111111111111111111111111111111110000000000000111111111111111111111111111111111100000000000000001111111111111111111111111111111111000000000000000011111111111111111111111111111111110000000000000000111111111111111111111111111111111100000000000000001111111111111111111111111111111111000000000000000011111111111111111111111111111111110000000000000000111111111111111111111111111111111100000000000000001111111111111111111111111111111111000000000000000011111111111111111111111111111111110000000000000000111111111111111111111111111111111100000000000000001111111111111111111111111111111111000000000000000011111111111111111111111111111111110000000000000000111111111111111111111111111111111100000000000000001111111111111111111111111111111111000000000000000011111111111111111111111111111111110000000000000000111111111111111111111111111111111100000000000000001111111111111111111111111111111111000000000000000011111111111111111111111111111111110000000000000111111111111111111111111111111111111111100000000011111111111111111111111111111111111111111100000000110000111111111111111111111111111111000011000000001100001111111111111111111111111111110000110000000111000011111111111111111111111111111100001110000001110000110001111111111111111111100011000011100000011100001100011111111111111111111000110000111000111111000010000111111111111111111110000100001111111110000000100001111111111111111111100001000000011111000000000000011111111111111111111000000000000011110000000000000111111111111111111110000000000000110100000000000001111111111111111111100000000000001000000000000000000111111111111111100000000000000000000000000000000000111111111111110000000000000000000000000000000000001111111111111100000000000000000000000000000000000011111111111111000000000000000000,Plane Strain,11342385.52,978292.87,790174241.5,0,0,3951671.27,1e-09,,2240000000,0.49253731,"[1.13411743e+07 1.13141801e+07 1.12345074e+07 1.11063748e+07
 1.09378384e+07 1.07425675e+07 1.05428747e+07 1.03747293e+07
 1.02960294e+07 1.04003720e+07 1.08403040e+07 1.18672365e+07
 1.39011418e+07 1.76540836e+07 2.43510654e+07 3.61223315e+07
 5.66715963e+07 9.22689899e+07 1.52620178e+08 2.49313033e+08
 3.86384833e+08 5.42791263e+08 6.73819229e+08 7.50853373e+08
 7.82574238e+08 7.90089863e+08 7.82574238e+08 7.50853373e+08
 6.73819229e+08 5.42791263e+08 3.86384833e+08 2.49313033e+08
 1.52620178e+08 9.22689899e+07 5.66715963e+07 3.61223315e+07
 2.43510654e+07 1.76540836e+07 1.39011418e+07 1.18672365e+07
 1.08403040e+07 1.04003720e+07 1.02960294e+07 1.03747293e+07
 1.05428747e+07 1.07425675e+07 1.09378384e+07 1.11063748e+07
 1.12345074e+07 1.13141801e+07 1.13411743e+07 1.13141801e+07
 1.12345074e+07 1.11063748e+07 1.09378384e+07 1.07425675e+07
 1.05428747e+07 1.03747293e+07 1.02960294e+07 1.04003720e+07
 1.08403040e+07 1.18672365e+07 1.39011418e+07 1.76540836e+07
 2.43510654e+07 3.61223315e+07 5.66715963e+07 9.22689899e+07
 1.52620178e+08 2.49313033e+08 3.86384833e+08 5.42791263e+08
 6.73819229e+08 7.50853373e+08 7.82574238e+08 7.90089863e+08
 7.82574238e+08 7.50853373e+08 6.73819229e+08 5.42791263e+08
 3.86384833e+08 2.49313033e+08 1.52620178e+08 9.22689899e+07
 5.66715963e+07 3.61223315e+07 2.43510654e+07 1.76540836e+07
 1.39011418e+07 1.18672365e+07 1.08403040e+07 1.04003720e+07
 1.02960294e+07 1.03747293e+07 1.05428747e+07 1.07425675e+07
 1.09378384e+07 1.11063748e+07 1.12345074e+07 1.13141801e+07
 1.13411743e+07]","[8.62510685e-02 3.57839921e-01 1.14294695e+00 2.26857410e+00
 3.30958841e+00 3.81112399e+00 3.70166721e+00 3.23971061e+00
 2.68352413e+00 2.16533415e+00 1.72689982e+00 1.36982832e+00
 1.08282644e+00 8.52636949e-01 6.67571476e-01 5.18242266e-01
 3.97382147e-01 2.99446687e-01 2.20227240e-01 1.56534992e-01
 1.05959792e-01 6.66918309e-02 3.73922754e-02 1.71011365e-02
 5.17352236e-03 1.23807234e-03 5.17352236e-03 1.71011365e-02
 3.73922754e-02 6.66918309e-02 1.05959792e-01 1.56534992e-01
 2.20227240e-01 2.99446687e-01 3.97382147e-01 5.18242266e-01
 6.67571476e-01 8.52636949e-01 1.08282644e+00 1.36982832e+00
 1.72689982e+00 2.16533415e+00 2.68352413e+00 3.23971061e+00
 3.70166721e+00 3.81112399e+00 3.30958841e+00 2.26857410e+00
 1.14294695e+00 3.57839921e-01 8.62510685e-02 3.57839921e-01
 1.14294695e+00 2.26857410e+00 3.30958841e+00 3.81112399e+00
 3.70166721e+00 3.23971061e+00 2.68352413e+00 2.16533415e+00
 1.72689982e+00 1.36982832e+00 1.08282644e+00 8.52636949e-01
 6.67571476e-01 5.18242266e-01 3.97382147e-01 2.99446687e-01
 2.20227240e-01 1.56534992e-01 1.05959792e-01 6.66918309e-02
 3.73922754e-02 1.71011365e-02 5.17352236e-03 1.23807234e-03
 5.17352236e-03 1.71011365e-02 3.73922754e-02 6.66918309e-02
 1.05959792e-01 1.56534992e-01 2.20227240e-01 2.99446687e-01
 3.97382147e-01 5.18242266e-01 6.67571476e-01 8.52636949e-01
 1.08282644e+00 1.36982832e+00 1.72689982e+00 2.16533415e+00
 2.68352413e+00 3.23971061e+00 3.70166721e+00 3.81112399e+00
 3.30958841e+00 2.26857410e+00 1.14294695e+00 3.57839921e-01
 8.62510685e-02]"
77735,C2v,50,50,1111111111111111111111111111111111111111111111111111111111111111111111111111111111111111111111111111111111111111111111111111111111111111111111111111111111111111111111111111111111111111111111111111111111111111111111111111111111111111111111111111111111111111111111111111111111111111111111111111111111111111111111111111111111111111111111111111111111111111111111111111111111111111111111111111111111111111111111111111111111111111111111111111111111111111111111111111111111100000000000000001111111111111111111111111111110000000000000000000000001111111111111111111111000000000000000000000000000000001111111111110000000000000000000000000000000000000000000011111111111111110000000000000000000000001111111111111111111111111111110000000000000000111111111111111111111111111111111100000011110000001111111111111111111111111111111111111111111111111111111111111111111111111111111111111111111111111111111111111111111111111111111111111111111111111111111111111111111111111111111111111111111111111111111111111111111111111111111111111111111111111111111111111111111111111111111111110000000000000000000000000000000011111111111111111100000000000000000000000000000000111111111111111111000000000000000000000000000000001111111111111111110000000000000000000000000000000011111111111111111100000000000000000000000000000000111111111111111111000000000000000000000000000000001111111111111111110000000000000000000000000000000011111111111111111100000000000000000000000000000000111111111111111111111111111111111111111111111111111111111111111111111111111111111111111111111111111111111111111111111111111111111111111111111111111111111111111111111111111111111111111111111111111111111111111111111111111111111111111111111111111111111111111111111111111111111111000000111100000011111111111111111111111111111111110000000000000000111111111111111111111111111111000000000000000000000000111111111111111100000000000000000000000000000000000000000000111111111111000000000000000000000000000000001111111111111111111111000000000000000000000000111111111111111111111111111111000000000000000011111111111111111111111111111111111111111111111111111111111111111111111111111111111111111111111111111111111111111111111111111111111111111111111111111111111111111111111111111111111111111111111111111111111111111111111111111111111111111111111111111111111111111111111111111111111111111111111111111111111111111111111111111111111111111111111111111111111111111111111111111111111111111111111111111111111111111111111111111111111111111111111111111111111111111111111111111111111,Plane Strain,1360060179.0,114015356.2,432589716.4,0,0,77018310.75,1e-09,,2240000000,0.49253731,"[1.33000976e+09 1.31866412e+09 1.28443095e+09 1.22690285e+09
 1.14601239e+09 1.04293347e+09 9.21170491e+08 7.87402966e+08
 6.51417953e+08 5.24621549e+08 4.17393467e+08 3.36477848e+08
 2.83748350e+08 2.56771615e+08 2.50497075e+08 2.59049840e+08
 2.76982061e+08 2.99865885e+08 3.24406602e+08 3.48305256e+08
 3.70036791e+08 3.88632563e+08 4.03502277e+08 4.14301888e+08
 4.20842404e+08 4.23031682e+08 4.20842404e+08 4.14301888e+08
 4.03502277e+08 3.88632563e+08 3.70036791e+08 3.48305256e+08
 3.24406602e+08 2.99865885e+08 2.76982061e+08 2.59049840e+08
 2.50497075e+08 2.56771615e+08 2.83748350e+08 3.36477848e+08
 4.17393467e+08 5.24621549e+08 6.51417953e+08 7.87402966e+08
 9.21170491e+08 1.04293347e+09 1.14601239e+09 1.22690285e+09
 1.28443095e+09 1.31866412e+09 1.33000976e+09 1.31866412e+09
 1.28443095e+09 1.22690285e+09 1.14601239e+09 1.04293347e+09
 9.21170491e+08 7.87402966e+08 6.51417953e+08 5.24621549e+08
 4.17393467e+08 3.36477848e+08 2.83748350e+08 2.56771615e+08
 2.50497075e+08 2.59049840e+08 2.76982061e+08 2.99865885e+08
 3.24406602e+08 3.48305256e+08 3.70036791e+08 3.88632563e+08
 4.03502277e+08 4.14301888e+08 4.20842404e+08 4.23031682e+08
 4.20842404e+08 4.14301888e+08 4.03502277e+08 3.88632563e+08
 3.70036791e+08 3.48305256e+08 3.24406602e+08 2.99865885e+08
 2.76982061e+08 2.59049840e+08 2.50497075e+08 2.56771615e+08
 2.83748350e+08 3.36477848e+08 4.17393467e+08 5.24621549e+08
 6.51417953e+08 7.87402966e+08 9.21170491e+08 1.04293347e+09
 1.14601239e+09 1.22690285e+09 1.28443095e+09 1.31866412e+09
 1.33000976e+09]","[0.08383111 0.0880153  0.10063147 0.12186378 0.15199495 0.1913619
 0.24027686 0.29889494 0.36700394 0.44371104 0.52701635 0.61331213
 0.69694993 0.77017233 0.82382577 0.84915391 0.84041678 0.79726627
 0.7254808  0.63546544 0.53934566 0.44820766 0.37054319 0.31198066
 0.27578642 0.26356465 0.27578642 0.31198066 0.37054319 0.44820766
 0.53934566 0.63546544 0.7254808  0.79726627 0.84041678 0.84915391
 0.82382577 0.77017233 0.69694993 0.61331213 0.52701635 0.44371104
 0.36700394 0.29889494 0.24027686 0.1913619  0.15199495 0.12186378
 0.10063147 0.0880153  0.08383111 0.0880153  0.10063147 0.12186378
 0.15199495 0.1913619  0.24027686 0.29889494 0.36700394 0.44371104
 0.52701635 0.61331213 0.69694993 0.77017233 0.82382577 0.84915391
 0.84041678 0.79726627 0.7254808  0.63546544 0.53934566 0.44820766
 0.37054319 0.31198066 0.27578642 0.26356465 0.27578642 0.31198066
 0.37054319 0.44820766 0.53934566 0.63546544 0.7254808  0.79726627
 0.84041678 0.84915391 0.82382577 0.77017233 0.69694993 0.61331213
 0.52701635 0.44371104 0.36700394 0.29889494 0.24027686 0.1913619
 0.15199495 0.12186378 0.10063147 0.0880153  0.08383111]"
78715,C2v,50,50,0000000000111111111110000000011111111111000000000000000000001111111111100000000111111111110000000000000000000011111111111000000001111111111100000000000000000000111111111110000000011111111111000000000000000000001111111111100000000111111111110000000000000000000111111111111000000001111111111110000000000000000000111111111110000000011111111111000000000000000000000111111111100000000111111111100000000000000000000001111111111000000001111111111000000000000000010000111111111111000000111111111111000010000011111110011111111111111000011111111111111001111111111111111111111111111110000111111111111111111111111111111111111111111111100001111111111111111111111111111111111111111111111000011111111111111111111111111111111111111111111110000111111111111111111111111111111111111111111111111111111111111111111111111111111111111111111111111111111111111111111111111111111111111111111111111111111111111111111111111111111111111111111111111111111111111111111111111111111111111111111111111111111111111111111111111111111111111111111111111111111111111111111111111111111111111111111111111111111111111111111111111111111111111111111111111111111111111111111111111111111111111111000000000001111111111111111111111111111000000000000000000000011111111111111111111111111110000000000000000000000111111111111111111111111111100000000000000000000001111111111111111111111111111000000000001111111111111111111111111111111111111111111111111111111111111111111111111111111111111111111111111111111111111111111111111111111111111111111111111111111111111111111111111111111111111111111111111111111111111111111111111111111111111111111111111111111111111111111111111111111111111111111111111111111111111111111111111111111111111111111111111111111111111111111111111111111111111111111111111111111111111111111111111111111111111110000111111111111111111111111111111111111111111111100001111111111111111111111111111111111111111111111000011111111111111111111111111111111111111111111110000111111111111111111111111111111001111111111111100001111111111111100111111100000100001111111111110000001111111111110000100000000000000001111111111000000001111111111000000000000000000000011111111110000000011111111110000000000000000000001111111111100000000111111111110000000000000000000111111111111000000001111111111110000000000000000000111111111110000000011111111111000000000000000000001111111111100000000111111111110000000000000000000011111111111000000001111111111100000000000000000000111111111110000000011111111111000000000000000000001111111111100000000111111111110000000000,Plane Strain,960234952.6,213241847.0,1010317034.0,0,0,118363136.2,1e-09,,2240000000,0.49253731,"[9.15227214e+08 9.09223150e+08 8.91288770e+08 8.61690819e+08
 8.20985474e+08 7.70185225e+08 7.10982221e+08 6.45995708e+08
 5.78972514e+08 5.14821958e+08 4.59338378e+08 4.18505467e+08
 3.97428438e+08 3.99171258e+08 4.23942670e+08 4.69004420e+08
 5.29353093e+08 5.98864840e+08 6.71442632e+08 7.41824415e+08
 8.05949322e+08 8.60965796e+08 9.05035095e+08 9.37066094e+08
 9.56467871e+08 9.62961868e+08 9.56467871e+08 9.37066094e+08
 9.05035095e+08 8.60965796e+08 8.05949322e+08 7.41824415e+08
 6.71442632e+08 5.98864840e+08 5.29353093e+08 4.69004420e+08
 4.23942670e+08 3.99171258e+08 3.97428438e+08 4.18505467e+08
 4.59338378e+08 5.14821958e+08 5.78972514e+08 6.45995708e+08
 7.10982221e+08 7.70185225e+08 8.20985474e+08 8.61690819e+08
 8.91288770e+08 9.09223150e+08 9.15227214e+08 9.09223150e+08
 8.91288770e+08 8.61690819e+08 8.20985474e+08 7.70185225e+08
 7.10982221e+08 6.45995708e+08 5.78972514e+08 5.14821958e+08
 4.59338378e+08 4.18505467e+08 3.97428438e+08 3.99171258e+08
 4.23942670e+08 4.69004420e+08 5.29353093e+08 5.98864840e+08
 6.71442632e+08 7.41824415e+08 8.05949322e+08 8.60965796e+08
 9.05035095e+08 9.37066094e+08 9.56467871e+08 9.62961868e+08
 9.56467871e+08 9.37066094e+08 9.05035095e+08 8.60965796e+08
 8.05949322e+08 7.41824415e+08 6.71442632e+08 5.98864840e+08
 5.29353093e+08 4.69004420e+08 4.23942670e+08 3.99171258e+08
 3.97428438e+08 4.18505467e+08 4.59338378e+08 5.14821958e+08
 5.78972514e+08 6.45995708e+08 7.10982221e+08 7.70185225e+08
 8.20985474e+08 8.61690819e+08 8.91288770e+08 9.09223150e+08
 9.15227214e+08]","[0.22207257 0.22740002 0.24330661 0.26953353 0.30554441 0.35037039
 0.402408   0.4592061  0.51731547 0.57231413 0.61913342 0.65274809
 0.66913566 0.66621415 0.64437638 0.60637326 0.55660368 0.50013195
 0.4418027  0.38567743 0.33482267 0.29135597 0.25662493 0.23142066
 0.2161676  0.21106429 0.2161676  0.23142066 0.25662493 0.29135597
 0.33482267 0.38567743 0.4418027  0.50013195 0.55660368 0.60637326
 0.64437638 0.66621415 0.66913566 0.65274809 0.61913342 0.57231413
 0.51731547 0.4592061  0.402408   0.35037039 0.30554441 0.26953353
 0.24330661 0.22740002 0.22207257 0.22740002 0.24330661 0.26953353
 0.30554441 0.35037039 0.402408   0.4592061  0.51731547 0.57231413
 0.61913342 0.65274809 0.66913566 0.66621415 0.64437638 0.60637326
 0.55660368 0.50013195 0.4418027  0.38567743 0.33482267 0.29135597
 0.25662493 0.23142066 0.2161676  0.21106429 0.2161676  0.23142066
 0.25662493 0.29135597 0.33482267 0.38567743 0.4418027  0.50013195
 0.55660368 0.60637326 0.64437638 0.66621415 0.66913566 0.65274809
 0.61913342 0.57231413 0.51731547 0.4592061  0.402408   0.35037039
 0.30554441 0.26953353 0.24330661 0.22740002 0.22207257]"
19771,C2v,50,50,0000110000000000000000000000000000000000000011000000001100000000000000000000000000000000000000110000000011000000000000000000000000000000000000001100000000110000000000000000000000000000000000000011000000001100000000000000000000000000000000000000110000000011111111111111000000000000001111111111111100000000111111111111111110000000011111111111111111000000001111111111111111110000001111111111111111110000000001111111111111111110000111111111111111111000000000011111111111111111100001111111111111111110000000000111111111111111111000011111111111111111100000001111111111111111111110000111111111111111111111000011111111111111111111111111111111111111111111110000111111111111111111111111111111111111111111111100111111111111111111111111111111111111111111111111111111111111111111111111111111111111111111111111111111111111111111111111111111111111111111111111111111111111111111111111111111111111111111111111111111111111111111111111111111111111111111111111111111111111111111111111111111111111111111111111111111111111111111111111111111111111111111111111111111111111111111111111111111111111111111111111111111111111111100000001111111111111111111111111111111111110000000000000000001111111111111111111111111111000000000000000000000001111111111111111111111111100000000000000000000000011111111111111111111111111000000000000000000000001111111111111111111111111111000000000000000000111111111111111111111111111111111111000000011111111111111111111111111111111111111111111111111111111111111111111111111111111111111111111111111111111111111111111111111111111111111111111111111111111111111111111111111111111111111111111111111111111111111111111111111111111111111111111111111111111111111111111111111111111111111111111111111111111111111111111111111111111111111111111111111111111111111111111111111111111111111111111111111111111111111110011111111111111111111111111111111111111111111110000111111111111111111111111111111111111111111111100001111111111111111111110000111111111111111111111000000011111111111111111100001111111111111111110000000000111111111111111111000011111111111111111100000000001111111111111111110000111111111111111111000000000111111111111111111000000111111111111111111000000001111111111111111100000000111111111111111110000000011111111111111000000000000001111111111111100000000110000000000000000000000000000000000000011000000001100000000000000000000000000000000000000110000000011000000000000000000000000000000000000001100000000110000000000000000000000000000000000000011000000001100000000000000000000000000000000000000110000,Plane Strain,917895352.1,25425881.92,187597409.7,0,0,15918448.76,1e-09,,2240000000,0.49253731,"[9.14449273e+08 9.06517845e+08 8.82065250e+08 8.39306428e+08
 7.75997903e+08 6.90800067e+08 5.85351871e+08 4.66312094e+08
 3.45614865e+08 2.37445119e+08 1.53045058e+08 9.69673605e+07
 6.71639687e+07 5.78001189e+07 6.22420520e+07 7.48153023e+07
 9.13548946e+07 1.09088235e+08 1.26296146e+08 1.41975842e+08
 1.55579262e+08 1.66831566e+08 1.75612826e+08 1.81883932e+08
 1.85641728e+08 1.86893108e+08 1.85641728e+08 1.81883932e+08
 1.75612826e+08 1.66831566e+08 1.55579262e+08 1.41975842e+08
 1.26296146e+08 1.09088235e+08 9.13548946e+07 7.48153023e+07
 6.22420520e+07 5.78001189e+07 6.71639687e+07 9.69673605e+07
 1.53045058e+08 2.37445119e+08 3.45614865e+08 4.66312094e+08
 5.85351871e+08 6.90800067e+08 7.75997903e+08 8.39306428e+08
 8.82065250e+08 9.06517845e+08 9.14449273e+08 9.06517845e+08
 8.82065250e+08 8.39306428e+08 7.75997903e+08 6.90800067e+08
 5.85351871e+08 4.66312094e+08 3.45614865e+08 2.37445119e+08
 1.53045058e+08 9.69673605e+07 6.71639687e+07 5.78001189e+07
 6.22420520e+07 7.48153023e+07 9.13548946e+07 1.09088235e+08
 1.26296146e+08 1.41975842e+08 1.55579262e+08 1.66831566e+08
 1.75612826e+08 1.81883932e+08 1.85641728e+08 1.86893108e+08
 1.85641728e+08 1.81883932e+08 1.75612826e+08 1.66831566e+08
 1.55579262e+08 1.41975842e+08 1.26296146e+08 1.09088235e+08
 9.13548946e+07 7.48153023e+07 6.22420520e+07 5.78001189e+07
 6.71639687e+07 9.69673605e+07 1.53045058e+08 2.37445119e+08
 3.45614865e+08 4.66312094e+08 5.85351871e+08 6.90800067e+08
 7.75997903e+08 8.39306428e+08 8.82065250e+08 9.06517845e+08
 9.14449273e+08]","[0.0277002  0.03217729 0.04572754 0.06870866 0.10171768 0.14558563
 0.20135417 0.27021102 0.35334353 0.45164138 0.56514378 0.69210025
 0.82755635 0.96162378 1.07822818 1.15607984 1.17388391 1.1194679
 0.99767624 0.83016263 0.64642655 0.47312811 0.32837933 0.22176054
 0.15712678 0.13553429 0.15712678 0.22176054 0.32837933 0.47312811
 0.64642655 0.83016263 0.99767624 1.1194679  1.17388391 1.15607984
 1.07822818 0.96162378 0.82755635 0.69210025 0.56514378 0.45164138
 0.35334353 0.27021102 0.20135417 0.14558563 0.10171768 0.06870866
 0.04572754 0.03217729 0.0277002  0.03217729 0.04572754 0.06870866
 0.10171768 0.14558563 0.20135417 0.27021102 0.35334353 0.45164138
 0.56514378 0.69210025 0.82755635 0.96162378 1.07822818 1.15607984
 1.17388391 1.1194679  0.99767624 0.83016263 0.64642655 0.47312811
 0.32837933 0.22176054 0.15712678 0.13553429 0.15712678 0.22176054
 0.32837933 0.47312811 0.64642655 0.83016263 0.99767624 1.1194679
 1.17388391 1.15607984 1.07822818 0.96162378 0.82755635 0.69210025
 0.56514378 0.45164138 0.35334353 0.27021102 0.20135417 0.14558563
 0.10171768 0.06870866 0.04572754 0.03217729 0.0277002 ]"
50972,C2v,50,50,0000111000000000000000000000000000000000000111000000000110000000000000000000000000000000000001100000000000110000000000000000000000000000000000110000000000001110000000000000000000000000000000011100000000000011100000000000000000000000000000000111000000000000111000000000000000000000000000000001110000000000001111000000000000000000000000000000111100000000000011111111100000000000000000000111111111000000000000111111111000000000000000000001111111110000000000111111111111110000000000000011111111111111000000001111111111111111100000000111111111111111110000000011111111111111111000000001111111111111111100000000111111111111111110000000011111111111111111000000011111111111111111110000001111111111111111111000001111111111111111111100000011111111111111111111000111111111111111111111000000111111111111111111111011111111111111111111110000001111111111111111111111111111111111111111111110000111111111111111111111111111111111111111111111100001111111111111111111111111111000000111111111111100111111111111100000011111100000000000001111111111111111111111000000000000011000000000000001111111111111111111100000000000000100000000000000000011111111111111000000000000000000000000000000000000001111111111000000000000000000000000000000000000000001111111100000000000000000000000000000000000000000011111111000000000000000000000000000000000000000001111111111000000000000000000000000000000000000001111111111111100000000000000000010000000000000011111111111111111111000000000000001100000000000001111111111111111111111000000000000011111100000011111111111110011111111111110000001111111111111111111111111111000011111111111111111111111111111111111111111111110000111111111111111111111111111111111111111111111000000111111111111111111111101111111111111111111110000001111111111111111111110001111111111111111111100000011111111111111111111000001111111111111111111000000111111111111111111100000001111111111111111100000000111111111111111110000000011111111111111111000000001111111111111111100000000111111111111111110000000011111111111111111000000001111111111111100000000000000111111111111110000000000111111111000000000000000000001111111110000000000001111111110000000000000000000011111111100000000000011110000000000000000000000000000001111000000000000111000000000000000000000000000000001110000000000001110000000000000000000000000000000011100000000000011100000000000000000000000000000000111000000000000110000000000000000000000000000000000110000000000011000000000000000000000000000000000000110000000001110000000000000000000000000000000000001110000,Plane Strain,295022216.5,68609507.28,44120511.13,0,0,16660948.08,1e-09,,2240000000,0.49253731,"[1.88331148e+08 1.86265098e+08 1.80252288e+08 1.70822887e+08
 1.58775406e+08 1.45057719e+08 1.30627971e+08 1.16328865e+08
 1.02805052e+08 9.04753848e+07 7.95516053e+07 7.00837659e+07
 6.20127822e+07 5.52170656e+07 4.95476452e+07 4.48514203e+07
 4.09847296e+07 3.78200656e+07 3.52484360e+07 3.31792431e+07
 3.15389274e+07 3.02691492e+07 2.93249469e+07 2.86731060e+07
 2.82908479e+07 2.81648840e+07 2.82908479e+07 2.86731060e+07
 2.93249469e+07 3.02691492e+07 3.15389274e+07 3.31792431e+07
 3.52484360e+07 3.78200656e+07 4.09847296e+07 4.48514203e+07
 4.95476452e+07 5.52170656e+07 6.20127822e+07 7.00837659e+07
 7.95516053e+07 9.04753848e+07 1.02805052e+08 1.16328865e+08
 1.30627971e+08 1.45057719e+08 1.58775406e+08 1.70822887e+08
 1.80252288e+08 1.86265098e+08 1.88331148e+08 1.86265098e+08
 1.80252288e+08 1.70822887e+08 1.58775406e+08 1.45057719e+08
 1.30627971e+08 1.16328865e+08 1.02805052e+08 9.04753848e+07
 7.95516053e+07 7.00837659e+07 6.20127822e+07 5.52170656e+07
 4.95476452e+07 4.48514203e+07 4.09847296e+07 3.78200656e+07
 3.52484360e+07 3.31792431e+07 3.15389274e+07 3.02691492e+07
 2.93249469e+07 2.86731060e+07 2.82908479e+07 2.81648840e+07
 2.82908479e+07 2.86731060e+07 2.93249469e+07 3.02691492e+07
 3.15389274e+07 3.31792431e+07 3.52484360e+07 3.78200656e+07
 4.09847296e+07 4.48514203e+07 4.95476452e+07 5.52170656e+07
 6.20127822e+07 7.00837659e+07 7.95516053e+07 9.04753848e+07
 1.02805052e+08 1.16328865e+08 1.30627971e+08 1.45057719e+08
 1.58775406e+08 1.70822887e+08 1.80252288e+08 1.86265098e+08
 1.88331148e+08]","[0.23255709 0.23557191 0.24464976 0.25988986 0.28145441 0.30956288
 0.34448225 0.38651108 0.43595458 0.4930868  0.55809534 0.6310036
 0.71156672 0.7991412  0.89253704 0.98987679 1.08850828 1.18504112
 1.27558554 1.35624001 1.42377971 1.47635593 1.51390336 1.53798051
 1.5509901  1.55504788 1.5509901  1.53798051 1.51390336 1.47635593
 1.42377971 1.35624001 1.27558554 1.18504112 1.08850828 0.98987679
 0.89253704 0.7991412  0.71156672 0.6310036  0.55809534 0.4930868
 0.43595458 0.38651108 0.34448225 0.30956288 0.28145441 0.25988986
 0.24464976 0.23557191 0.23255709 0.23557191 0.24464976 0.25988986
 0.28145441 0.30956288 0.34448225 0.38651108 0.43595458 0.4930868
 0.55809534 0.6310036  0.71156672 0.7991412  0.89253704 0.98987679
 1.08850828 1.18504112 1.27558554 1.35624001 1.42377971 1.47635593
 1.51390336 1.53798051 1.5509901  1.55504788 1.5509901  1.53798051
 1.51390336 1.47635593 1.42377971 1.35624001 1.27558554 1.18504112
 1.08850828 0.98987679 0.89253704 0.7991412  0.71156672 0.6310036
 0.55809534 0.4930868  0.43595458 0.38651108 0.34448225 0.30956288
 0.28145441 0.25988986 0.24464976 0.23557191 0.23255709]"
35033,C2v,50,50,0000000000000111111111111111111111111000000000000000000000000001111111111111111111111110000000000000000000000000011111111111111111111111100000000000000000000000000111111111111111111111111000000000000000000000000001111111111111111111111110000000000000000000000000011111111111111111111111100000000000000000000000000111111111111111111111111000000000000000000000000011111111111111111111111111000000000000111111111111111111111111111111111111111111111111111111111111111111111111111111111111111111111111111111111111111111111111111111111111111111111111111111111111111111111111111111111111111111111111111111111111111111111111111111111111111111111111111111111111111111111111111111111111111111111111111111111111111111111111111111111111111111111111111111111111110000011111111111111111111111111111111111111110000000000111111111111111111111111111111111111111100000000001111111111111111111111111111111111111111000000000011111111111111111111111111111111111111110000000000111111111111111111111111111111111111111100000000001111111111111111111111111111111111111111000000000011111111111111111111111111111111111111110000000000111111111111111111111111111111111111111100000000001111111111111111111111111111111111111111000000000011111111111111111111111111111111111111110000000000111111111111111111111111111111111111111100000000001111111111111111111111111111111111111111000000000011111111111111111111111111111111111111110000000000111111111111111111111111111111111111111100000000001111111111111111111111111111111111111111000000000011111111111111111111111111111111111111110000000000111111111111111111111111111111111111111100000000001111111111111111111111111111111111111111000000000011111111111111111111111111111111111111110000000000111111111111111111111111111111111111111100000111111111111111111111111111111111111111111111111111111111111111111111111111111111111111111111111111111111111111111111111111111111111111111111111111111111111111111111111111111111111111111111111111111111111111111111111111111111111111111111111111111111111111111111111111111111111111111111111111111111111111111111111111111111111111111111111111111111111110000000000001111111111111111111111111100000000000000000000000001111111111111111111111110000000000000000000000000011111111111111111111111100000000000000000000000000111111111111111111111111000000000000000000000000001111111111111111111111110000000000000000000000000011111111111111111111111100000000000000000000000000111111111111111111111111000000000000000000000000001111111111111111111111110000000000000,Plane Strain,851693616.0,147612343.4,1151368375.0,0,0,133143787.8,1e-09,,2240000000,0.49253731,"[8.32768827e+08 8.28031175e+08 8.13874589e+08 7.90492962e+08
 7.58293646e+08 7.18027770e+08 6.70975042e+08 6.19170349e+08
 5.65631609e+08 5.14503359e+08 4.70979932e+08 4.40853123e+08
 4.29603327e+08 4.41160340e+08 4.76732883e+08 5.34238525e+08
 6.08665452e+08 6.93233992e+08 7.80838183e+08 8.65214092e+08
 9.41551447e+08 1.00657802e+09 1.05831364e+09 1.09570095e+09
 1.11825287e+09 1.12578476e+09 1.11825287e+09 1.09570095e+09
 1.05831364e+09 1.00657802e+09 9.41551447e+08 8.65214092e+08
 7.80838183e+08 6.93233992e+08 6.08665452e+08 5.34238525e+08
 4.76732883e+08 4.41160340e+08 4.29603327e+08 4.40853123e+08
 4.70979932e+08 5.14503359e+08 5.65631609e+08 6.19170349e+08
 6.70975042e+08 7.18027770e+08 7.58293646e+08 7.90492962e+08
 8.13874589e+08 8.28031175e+08 8.32768827e+08 8.28031175e+08
 8.13874589e+08 7.90492962e+08 7.58293646e+08 7.18027770e+08
 6.70975042e+08 6.19170349e+08 5.65631609e+08 5.14503359e+08
 4.70979932e+08 4.40853123e+08 4.29603327e+08 4.41160340e+08
 4.76732883e+08 5.34238525e+08 6.08665452e+08 6.93233992e+08
 7.80838183e+08 8.65214092e+08 9.41551447e+08 1.00657802e+09
 1.05831364e+09 1.09570095e+09 1.11825287e+09 1.12578476e+09
 1.11825287e+09 1.09570095e+09 1.05831364e+09 1.00657802e+09
 9.41551447e+08 8.65214092e+08 7.80838183e+08 6.93233992e+08
 6.08665452e+08 5.34238525e+08 4.76732883e+08 4.41160340e+08
 4.29603327e+08 4.40853123e+08 4.70979932e+08 5.14503359e+08
 5.65631609e+08 6.19170349e+08 6.70975042e+08 7.18027770e+08
 7.58293646e+08 7.90492962e+08 8.13874589e+08 8.28031175e+08
 8.32768827e+08]","[0.17331625 0.17945885 0.19777859 0.22790511 0.26906868 0.31988105
 0.37806493 0.44020539 0.50165411 0.5567586  0.59954888 0.62483993
 0.629437   0.61294774 0.57781337 0.52855696 0.47062663 0.4093155
 0.34906352 0.29319002 0.2439415  0.20269971 0.17023062 0.14690776
 0.13288365 0.12820601 0.13288365 0.14690776 0.17023062 0.20269971
 0.2439415  0.29319002 0.34906352 0.4093155  0.47062663 0.52855696
 0.57781337 0.61294774 0.629437   0.62483993 0.59954888 0.5567586
 0.50165411 0.44020539 0.37806493 0.31988105 0.26906868 0.22790511
 0.19777859 0.17945885 0.17331625 0.17945885 0.19777859 0.22790511
 0.26906868 0.31988105 0.37806493 0.44020539 0.50165411 0.5567586
 0.59954888 0.62483993 0.629437   0.61294774 0.57781337 0.52855696
 0.47062663 0.4093155  0.34906352 0.29319002 0.2439415  0.20269971
 0.17023062 0.14690776 0.13288365 0.12820601 0.13288365 0.14690776
 0.17023062 0.20269971 0.2439415  0.29319002 0.34906352 0.4093155
 0.47062663 0.52855696 0.57781337 0.61294774 0.629437   0.62483993
 0.59954888 0.5567586  0.50165411 0.44020539 0.37806493 0.31988105
 0.26906868 0.22790511 0.19777859 0.17945885 0.17331625]"
15035,C2v,50,50,0000000110000000000000000000000000000000011000000000000001100000000000000000000000000000000110000000000000011000000000000000000000000000000001100000000000000110000000000000000000000000000000011000000000000001100000000000000000000000000000000110000000000000011000000000000000000000000000000001100000000000000110000000000000000000000000000000011000000000000001100000000000000000000000000000000110000000000000011000000000000000000000000000000001100000000000000111000000000000000000000000000000111000000000000000111000000000000000000000000000011100000000000000001111111111111111111111111111111111000000000000000011111111111111111111111111111111110000000000000000111111111111111111111111111111111100000000000000001111111111111111111111111111111111000000000000000011111111111111111111111111111111110000000000000000111111111111111111111111111111111100000000000000001111111111111111111111111111111111000000000000000011111111111111111111111111111111110000000000000000111111111111111111111111111111111100000000000000001111111111111111111111111111111111000000000000100011111111111111111111111111111111110001000011111100111111111111111111111111111111111100111111111111111111111111111111111111111111111111111111111111111111111111111111111111111111111111111111111111111111111111111111111111111111111111111111111111111111111111111111111111111111111111111111111111111111110011111111111111111111111111111111110011111100001000111111111111111111111111111111111100010000000000001111111111111111111111111111111111000000000000000011111111111111111111111111111111110000000000000000111111111111111111111111111111111100000000000000001111111111111111111111111111111111000000000000000011111111111111111111111111111111110000000000000000111111111111111111111111111111111100000000000000001111111111111111111111111111111111000000000000000011111111111111111111111111111111110000000000000000111111111111111111111111111111111100000000000000001111111111111111111111111111111111000000000000000011100000000000000000000000000001110000000000000001110000000000000000000000000000001110000000000000011000000000000000000000000000000001100000000000000110000000000000000000000000000000011000000000000001100000000000000000000000000000000110000000000000011000000000000000000000000000000001100000000000000110000000000000000000000000000000011000000000000001100000000000000000000000000000000110000000000000011000000000000000000000000000000001100000000000000110000000000000000000000000000000011000000000000001100000000000000000000000000000000110000000,Plane Strain,322288921.3,-4954304.23,160601253.6,0,0,2438291.5,1e-09,,2240000000,0.49253731,"[3.22136089e+08 3.19695811e+08 3.12239762e+08 2.99378180e+08
 2.80528096e+08 2.55062490e+08 2.22615262e+08 1.83603312e+08
 1.39917211e+08 9.54486196e+07 5.57983311e+07 2.66845014e+07
 1.16527662e+07 1.07155999e+07 2.09127245e+07 3.80631812e+07
 5.83239197e+07 7.89028862e+07 9.80888072e+07 1.14986650e+08
 1.29220076e+08 1.40701233e+08 1.49479666e+08 1.55652177e+08
 1.59312528e+08 1.60525095e+08 1.59312528e+08 1.55652177e+08
 1.49479666e+08 1.40701233e+08 1.29220076e+08 1.14986650e+08
 9.80888072e+07 7.89028862e+07 5.83239197e+07 3.80631812e+07
 2.09127245e+07 1.07155999e+07 1.16527662e+07 2.66845014e+07
 5.57983311e+07 9.54486196e+07 1.39917211e+08 1.83603312e+08
 2.22615262e+08 2.55062490e+08 2.80528096e+08 2.99378180e+08
 3.12239762e+08 3.19695811e+08 3.22136089e+08 3.19695811e+08
 3.12239762e+08 2.99378180e+08 2.80528096e+08 2.55062490e+08
 2.22615262e+08 1.83603312e+08 1.39917211e+08 9.54486196e+07
 5.57983311e+07 2.66845014e+07 1.16527662e+07 1.07155999e+07
 2.09127245e+07 3.80631812e+07 5.83239197e+07 7.89028862e+07
 9.80888072e+07 1.14986650e+08 1.29220076e+08 1.40701233e+08
 1.49479666e+08 1.55652177e+08 1.59312528e+08 1.60525095e+08
 1.59312528e+08 1.55652177e+08 1.49479666e+08 1.40701233e+08
 1.29220076e+08 1.14986650e+08 9.80888072e+07 7.89028862e+07
 5.83239197e+07 3.80631812e+07 2.09127245e+07 1.07155999e+07
 1.16527662e+07 2.66845014e+07 5.57983311e+07 9.54486196e+07
 1.39917211e+08 1.83603312e+08 2.22615262e+08 2.55062490e+08
 2.80528096e+08 2.99378180e+08 3.12239762e+08 3.19695811e+08
 3.22136089e+08]","[-0.01537224 -0.0095615   0.00805169  0.03800461  0.08116738  0.13867966
  0.21180284  0.30160891  0.4083842   0.5305967   0.66334019  0.79649462
  0.91361381  0.99351677  1.016322    0.97241676  0.86833538  0.72418109
  0.56455365  0.41005234  0.2737344   0.16183036  0.07611572  0.01615177
 -0.01918727 -0.03084848 -0.01918727  0.01615177  0.07611572  0.16183036
  0.2737344   0.41005234  0.56455365  0.72418109  0.86833538  0.97241676
  1.016322    0.99351677  0.91361381  0.79649462  0.66334019  0.5305967
  0.4083842   0.30160891  0.21180284  0.13867966  0.08116738  0.03800461
  0.00805169 -0.0095615  -0.01537224 -0.0095615   0.00805169  0.03800461
  0.08116738  0.13867966  0.21180284  0.30160891  0.4083842   0.5305967
  0.66334019  0.79649462  0.91361381  0.99351677  1.016322    0.97241676
  0.86833538  0.72418109  0.56455365  0.41005234  0.2737344   0.16183036
  0.07611572  0.01615177 -0.01918727 -0.03084848 -0.01918727  0.01615177
  0.07611572  0.16183036  0.2737344   0.41005234  0.56455365  0.72418109
  0.86833538  0.97241676  1.016322    0.99351677  0.91361381  0.79649462
  0.66334019  0.5305967   0.4083842   0.30160891  0.21180284  0.13867966
  0.08116738  0.03800461  0.00805169 -0.0095615  -0.01537224]"
20772,C2v,50,50,1111111111100000000000000000000000000001111111111111111111111000000000000000000000000000011111111111111111111110000000000000000000000000000111111111111111111111100000000000000000000000000001111111111111111111111000000000000000000000000000011111111111111111111111111000000000000000000001111111111111111111111111111110000000000000000000011111111111111111111111111111100000000000000000000111111111111111111111111111111111100000000000011111111111111111111111111111111111111100000000001111111111111111111111111111111111111111000000000011111111111111111111111111111111111111111110000111111111111111111111111111111111111111111111110011111111111111111111111111111111111111111111111100111111111111111111111111111111111111111111111111111111111111111111111111111111111111111111111111111111111111111111111111111111111111111111111111111111111111111111111111111111111111111111111111111111111111111111111111111111111111111111111111111111111111111111111111111111111111111111111111111111111111111111111111111111111111111111111111111111111111111111111111111111111111111111111111111111111111111111111111111111111111111111111111111111111111111111111111111111111111111111111111111111111111111111111111111111111111111111111111111111111111111111111111111111111111111111111111111111111111111111111111111111111111111111111111111111111111111111111111111111111111111111111111111111111111111111111111111111111111111111111111111111111111111111111111111111111111111111111111111111111111111111111111111111111111111111111111111111111111111111111111111111111111111111111111111111111111111111111111111111111111111111111111111111111111111111111111111111111111111111111111111111111111111111111111111111111111111111111111111111111111111111111111111111111111111111111111111111111111111111111111111111111111111111111111111111111111111111111111111111111111111111110011111111111111111111111111111111111111111111111100111111111111111111111111111111111111111111111110000111111111111111111111111111111111111111111100000000001111111111111111111111111111111111111111000000000011111111111111111111111111111111111111100000000000011111111111111111111111111111111110000000000000000000011111111111111111111111111111100000000000000000000111111111111111111111111111111000000000000000000001111111111111111111111111100000000000000000000000000001111111111111111111111000000000000000000000000000011111111111111111111110000000000000000000000000000111111111111111111111100000000000000000000000000001111111111111111111111000000000000000000000000000011111111111,Plane Strain,1291427249.0,346589739.9,1186878139.0,0,0,351814463.7,1e-09,,2240000000,0.49253731,"[1.19021682e+09 1.18735991e+09 1.17891942e+09 1.16528568e+09
 1.14710663e+09 1.12527896e+09 1.10092688e+09 1.07536182e+09
 1.05001767e+09 1.02636020e+09 1.00577545e+09 9.89448758e+08
 9.78252219e+08 9.72659866e+08 9.72706764e+08 9.77999442e+08
 9.87774384e+08 1.00099173e+09 1.01644617e+09 1.03287697e+09
 1.04906348e+09 1.06389879e+09 1.07643994e+09 1.08593807e+09
 1.09185344e+09 1.09386133e+09 1.09185344e+09 1.08593807e+09
 1.07643994e+09 1.06389879e+09 1.04906348e+09 1.03287697e+09
 1.01644617e+09 1.00099173e+09 9.87774384e+08 9.77999442e+08
 9.72706764e+08 9.72659866e+08 9.78252219e+08 9.89448758e+08
 1.00577545e+09 1.02636020e+09 1.05001767e+09 1.07536182e+09
 1.10092688e+09 1.12527896e+09 1.14710663e+09 1.16528568e+09
 1.17891942e+09 1.18735991e+09 1.19021682e+09 1.18735991e+09
 1.17891942e+09 1.16528568e+09 1.14710663e+09 1.12527896e+09
 1.10092688e+09 1.07536182e+09 1.05001767e+09 1.02636020e+09
 1.00577545e+09 9.89448758e+08 9.78252219e+08 9.72659866e+08
 9.72706764e+08 9.77999442e+08 9.87774384e+08 1.00099173e+09
 1.01644617e+09 1.03287697e+09 1.04906348e+09 1.06389879e+09
 1.07643994e+09 1.08593807e+09 1.09185344e+09 1.09386133e+09
 1.09185344e+09 1.08593807e+09 1.07643994e+09 1.06389879e+09
 1.04906348e+09 1.03287697e+09 1.01644617e+09 1.00099173e+09
 9.87774384e+08 9.77999442e+08 9.72706764e+08 9.72659866e+08
 9.78252219e+08 9.89448758e+08 1.00577545e+09 1.02636020e+09
 1.05001767e+09 1.07536182e+09 1.10092688e+09 1.12527896e+09
 1.14710663e+09 1.16528568e+09 1.17891942e+09 1.18735991e+09
 1.19021682e+09]","[0.26837729 0.26992266 0.27449221 0.28188573 0.29176845 0.30367186
 0.31699929 0.33104026 0.3449975  0.35802903 0.36930563 0.37807969
 0.38375753 0.38596396 0.3845871  0.37979422 0.37201486 0.36189457
 0.35022815 0.33788442 0.32573392 0.31458775 0.30515163 0.29799507
 0.2935333  0.29201797 0.2935333  0.29799507 0.30515163 0.31458775
 0.32573392 0.33788442 0.35022815 0.36189457 0.37201486 0.37979422
 0.3845871  0.38596396 0.38375753 0.37807969 0.36930563 0.35802903
 0.3449975  0.33104026 0.31699929 0.30367186 0.29176845 0.28188573
 0.27449221 0.26992266 0.26837729 0.26992266 0.27449221 0.28188573
 0.29176845 0.30367186 0.31699929 0.33104026 0.3449975  0.35802903
 0.36930563 0.37807969 0.38375753 0.38596396 0.3845871  0.37979422
 0.37201486 0.36189457 0.35022815 0.33788442 0.32573392 0.31458775
 0.30515163 0.29799507 0.2935333  0.29201797 0.2935333  0.29799507
 0.30515163 0.31458775 0.32573392 0.33788442 0.35022815 0.36189457
 0.37201486 0.37979422 0.3845871  0.38596396 0.38375753 0.37807969
 0.36930563 0.35802903 0.3449975  0.33104026 0.31699929 0.30367186
 0.29176845 0.28188573 0.27449221 0.26992266 0.26837729]"
42224,C2v,50,50,1110000000000000000000000000000000000000000000011111100000000000000000000000000000000000000000000111111000000000000000000000000000000000000000000001111111111111100000000000000000000000000001111111111100000011111000000000000000000000000000011111000000000000111111111000000000000000000001111111110000001111111111111110000000000000000000011111111111111111111111111111111110000000000001111111111111111111111000000011111111100000000000011111111100000001111110000000111111111111110011111111111111000000011111100000001111111111111100111111111111110000000111111000000011000000000000000000000000001100000001111110000000111111111000000000000111111111000000011111100000001111111110000000000001111111110000000111111000000011111111100000000000011111111100000001111110000000000011111111111111111111110000000000011111100000000000111111111111111111111100000000000111111000000000001111111111111111111111000000000001111110000000000011111111111111111111110000000000011111100000000000111111111111111111111100000000000111111000000000001111111111111111111111000000000001111110000000000011111111111111111111110000000000011111100000001111111111111111111111111111110000000111111000000011111111111111111111111111111100000001111110000000111111111111111111111111111111000000011111100000001111111111111111111111111111110000000111111000000011111111111111111111111111111100000001111110000000111111111111111111111111111111000000011111100000000000111111111111111111111100000000000111111000000000001111111111111111111111000000000001111110000000000011111111111111111111110000000000011111100000000000111111111111111111111100000000000111111000000000001111111111111111111111000000000001111110000000000011111111111111111111110000000000011111100000000000111111111111111111111100000000000111111000000011111111100000000000011111111100000001111110000000111111111000000000000111111111000000011111100000001111111110000000000001111111110000000111111000000011000000000000000000000000001100000001111110000000111111111111110011111111111111000000011111100000001111111111111100111111111111110000000111111000000011111111100000000000011111111100000001111111111111111111111000000000000111111111111111111111111111111111100000000000000000000111111111111111000000111111111000000000000000000001111111110000000000001111100000000000000000000000000001111100000011111111111000000000000000000000000000011111111111111000000000000000000000000000000000000000000001111110000000000000000000000000000000000000000000011111100000000000000000000000000000000000000000000111,Plane Strain,49596801.92,11453757.31,30541361.73,0,0,32193909.74,1e-09,,2240000000,0.49253731,"[45301362.91252718 45762457.22098743 47052118.782208   48927320.24882613
 51082787.31065145 53234948.59181913 55168671.78236394 56745554.8044592
 57889945.79848433 58568596.02882131 58772816.97840922 58506026.14409319
 57776530.57117782 56594484.43196538 54972033.85755435 52926020.42878516
 50482916.26095942 47685746.36958867 44602503.14911851 41334875.15071226
 38024992.45583864 34856606.82814626 32046443.35448486 29822610.78721434
 28390935.57104949 27896260.60577854 28390935.57104944 29822610.78721423
 32046443.35448472 34856606.82814609 38024992.45583841 41334875.15071199
 44602503.14911819 47685746.36958832 50482916.26095905 52926020.42878477
 54972033.85755396 56594484.43196498 57776530.57117741 58506026.14409283
 58772816.97840886 58568596.02882095 57889945.79848399 56745554.80445887
 55168671.78236365 53234948.59181887 51082787.31065126 48927320.248826
 47052118.78220791 45762457.22098738 45301362.91252718 45762457.22098743
 47052118.782208   48927320.24882611 51082787.31065145 53234948.59181914
 55168671.78236397 56745554.8044592  57889945.79848431 58568596.02882127
 58772816.97840924 58506026.1440932  57776530.57117782 56594484.43196536
 54972033.85755437 52926020.42878516 50482916.26095939 47685746.36958866
 44602503.14911848 41334875.15071225 38024992.45583865 34856606.82814625
 32046443.35448486 29822610.78721431 28390935.57104948 27896260.60577854
 28390935.57104946 29822610.78721424 32046443.35448475 34856606.82814609
 38024992.4558384  41334875.15071201 44602503.14911819 47685746.36958833
 50482916.26095907 52926020.4287848  54972033.85755399 56594484.43196496
 57776530.57117741 58506026.14409283 58772816.97840887 58568596.02882093
 57889945.79848398 56745554.80445889 55168671.78236365 53234948.59181888
 51082787.31065124 48927320.248826   47052118.78220791 45762457.22098739
 45301362.91252718]","[ 0.23093742  0.22434138  0.20529361  0.17584438  0.13891337  0.09774892
  0.05545839  0.01470828 -0.02239376 -0.05427866 -0.0798172  -0.09819344
 -0.10878314 -0.11105521 -0.10450602 -0.08863469 -0.06297229 -0.02718577
  0.01871262  0.07401899  0.13684839  0.20357926  0.26847268  0.32389852
  0.36160883  0.37502445  0.36160883  0.32389852  0.26847268  0.20357926
  0.13684839  0.07401899  0.01871262 -0.02718577 -0.06297229 -0.08863469
 -0.10450602 -0.11105521 -0.10878314 -0.09819344 -0.0798172  -0.05427866
 -0.02239376  0.01470828  0.05545839  0.09774892  0.13891337  0.17584438
  0.20529361  0.22434138  0.23093742  0.22434138  0.20529361  0.17584438
  0.13891337  0.09774892  0.05545839  0.01470828 -0.02239376 -0.05427866
 -0.0798172  -0.09819344 -0.10878314 -0.11105521 -0.10450602 -0.08863469
 -0.06297229 -0.02718577  0.01871262  0.07401899  0.13684839  0.20357926
  0.26847268  0.32389852  0.36160883  0.37502445  0.36160883  0.32389852
  0.26847268  0.20357926  0.13684839  0.07401899  0.01871262 -0.02718577
 -0.06297229 -0.08863469 -0.10450602 -0.11105521 -0.10878314 -0.09819344
 -0.0798172  -0.05427866 -0.02239376  0.01470828  0.05545839  0.09774892
  0.13891337  0.17584438  0.20529361  0.22434138  0.23093742]"
50475,C2v,50,50,0001111111111111111111111111111111111111111111100000011111111111111111111111111111111111111111111000000000111111111111111111111111111111111111110000000000000111111111111111111111111111111111111000000000000001111111111111111111111111111111111110000000000000011111111111111111111111111111111111100000000000000111111111111111111111111111111111111000000000000001111111111111111111111111111111111110000000000000011111111111111111111111111111111111100000000000000111111111111111111111111111111111111000000000000011111111111111111111111111111111111111000000001111111111111111111111111111111111111111111111000011111111111111111111111111111111111111111111110001111111111111111111111111111111111111111111111110011111111111111111111111111111111111111111111111101111111111111111111111111111111111111111111111111111111111111111111111111111111111111111111111111111111111111111111111111111111111111111111111111111111111111111111111111111111111111111111111111111111111111111111111111111111111111111111111111111111111111111111111111111111111111111111111111111111111111111111111111111111111111111111111111111111111111111111111111111111111111111111111111111111111111111111111111111111111111111111111111111111111111111111111111111111111111111111111111111111111111111111111111111111111111111111111111111111111111111111111111111111111111111111111111111111111111111111111111111111111111111111111111111111111111111111111111111111111111111111111111111111111111111111111111111111111111111111111111111111111111111111111111111111111111111111111111111111111111111111111111111111111111111111111111111111111111111111111111111111111111111111111111111111111111111111111111111111111111111111111111111111111111111111111111111111111111111111111111111111111111111111111111111111111111111011111111111111111111111111111111111111111111111100111111111111111111111111111111111111111111111111000111111111111111111111111111111111111111111111100001111111111111111111111111111111111111111111111000000001111111111111111111111111111111111111100000000000001111111111111111111111111111111111110000000000000011111111111111111111111111111111111100000000000000111111111111111111111111111111111111000000000000001111111111111111111111111111111111110000000000000011111111111111111111111111111111111100000000000000111111111111111111111111111111111111000000000000001111111111111111111111111111111111110000000000000111111111111111111111111111111111111110000000001111111111111111111111111111111111111111111100000011111111111111111111111111111111111111111111000,Plane Strain,1231281314.0,408750370.3,1688091340.0,0,0,425368428.8,1e-09,,2240000000,0.49253731,"[1.13230748e+09 1.13157347e+09 1.12945760e+09 1.12621768e+09
 1.12228014e+09 1.11823301e+09 1.11481171e+09 1.11287395e+09
 1.11335989e+09 1.11723458e+09 1.12541223e+09 1.13866547e+09
 1.15752770e+09 1.18220129e+09 1.21248726e+09 1.24775157e+09
 1.28693798e+09 1.32862924e+09 1.37114839e+09 1.41268439e+09
 1.45142312e+09 1.48566644e+09 1.51392801e+09 1.53500155e+09
 1.54800379e+09 1.55239784e+09 1.54800379e+09 1.53500155e+09
 1.51392801e+09 1.48566644e+09 1.45142312e+09 1.41268439e+09
 1.37114839e+09 1.32862924e+09 1.28693798e+09 1.24775157e+09
 1.21248726e+09 1.18220129e+09 1.15752770e+09 1.13866547e+09
 1.12541223e+09 1.11723458e+09 1.11335989e+09 1.11287395e+09
 1.11481171e+09 1.11823301e+09 1.12228014e+09 1.12621768e+09
 1.12945760e+09 1.13157347e+09 1.13230748e+09 1.13157347e+09
 1.12945760e+09 1.12621768e+09 1.12228014e+09 1.11823301e+09
 1.11481171e+09 1.11287395e+09 1.11335989e+09 1.11723458e+09
 1.12541223e+09 1.13866547e+09 1.15752770e+09 1.18220129e+09
 1.21248726e+09 1.24775157e+09 1.28693798e+09 1.32862924e+09
 1.37114839e+09 1.41268439e+09 1.45142312e+09 1.48566644e+09
 1.51392801e+09 1.53500155e+09 1.54800379e+09 1.55239784e+09
 1.54800379e+09 1.53500155e+09 1.51392801e+09 1.48566644e+09
 1.45142312e+09 1.41268439e+09 1.37114839e+09 1.32862924e+09
 1.28693798e+09 1.24775157e+09 1.21248726e+09 1.18220129e+09
 1.15752770e+09 1.13866547e+09 1.12541223e+09 1.11723458e+09
 1.11335989e+09 1.11287395e+09 1.11481171e+09 1.11823301e+09
 1.12228014e+09 1.12621768e+09 1.12945760e+09 1.13157347e+09
 1.13230748e+09]","[0.33197155 0.33318673 0.33673014 0.3423007  0.34941481 0.35743533
 0.36561432 0.37314954 0.37925176 0.38321702 0.3844948  0.38274199
 0.37785392 0.36996778 0.3594389  0.34679592 0.33268371 0.31780401
 0.30286175 0.28852243 0.27538212 0.26394976 0.25463899 0.2477668
 0.24355578 0.24213759 0.24355578 0.2477668  0.25463899 0.26394976
 0.27538212 0.28852243 0.30286175 0.31780401 0.33268371 0.34679592
 0.3594389  0.36996778 0.37785392 0.38274199 0.3844948  0.38321702
 0.37925176 0.37314954 0.36561432 0.35743533 0.34941481 0.3423007
 0.33673014 0.33318673 0.33197155 0.33318673 0.33673014 0.3423007
 0.34941481 0.35743533 0.36561432 0.37314954 0.37925176 0.38321702
 0.3844948  0.38274199 0.37785392 0.36996778 0.3594389  0.34679592
 0.33268371 0.31780401 0.30286175 0.28852243 0.27538212 0.26394976
 0.25463899 0.2477668  0.24355578 0.24213759 0.24355578 0.2477668
 0.25463899 0.26394976 0.27538212 0.28852243 0.30286175 0.31780401
 0.33268371 0.34679592 0.3594389  0.36996778 0.37785392 0.38274199
 0.3844948  0.38321702 0.37925176 0.37314954 0.36561432 0.35743533
 0.34941481 0.3423007  0.33673014 0.33318673 0.33197155]"
12060,C2v,50,50,1111111111111111111111111111111111111111111111111111111111111111111111111111111111111111111111111111111111111111111111111111111111111111111111111111111111111111111111111111111111111111111111111111111111111111111111111111111111111111111111111111111111111111111111111111111111111111111111111111111111111111111111111111111111111111111111111111111111111111111111111111111111111111111111111111111111111111111111111111111111111111111111111111111111111111111111111111111111111111111111111111111111111111111111111111111111111111111111111111111111111111111111111111111111111111111111111111111111111111111111111111111111111111111111111111111111111111111111111100000111111111111111111111111111111111111111100000000001111111111111111111111111111111111111111000000000011111111111111111100001111111111111111110000000000111111111111111110000001111111111111111100000000001111111111111111000000001111111111111111000000000011111111111110000000000000011111111111110000000000111111111111100000000000000111111111111100000000001111111111111000000000000001111111111111000000000011111111111110000000000000011111111111110000000000111111111100000000000000000000111111111100000000111111111110000000000000000000000111111111110001111111111111100000000000000000000001111111111111111111111111111000000000000000000000011111111111111000111111111110000000000000000000000111111111110000000011111111110000000000000000000011111111110000000000111111111111100000000000000111111111111100000000001111111111111000000000000001111111111111000000000011111111111110000000000000011111111111110000000000111111111111100000000000000111111111111100000000001111111111111111000000001111111111111111000000000011111111111111111000000111111111111111110000000000111111111111111111000011111111111111111100000000001111111111111111111111111111111111111111000000000011111111111111111111111111111111111111110000011111111111111111111111111111111111111111111111111111111111111111111111111111111111111111111111111111111111111111111111111111111111111111111111111111111111111111111111111111111111111111111111111111111111111111111111111111111111111111111111111111111111111111111111111111111111111111111111111111111111111111111111111111111111111111111111111111111111111111111111111111111111111111111111111111111111111111111111111111111111111111111111111111111111111111111111111111111111111111111111111111111111111111111111111111111111111111111111111111111111111111111111111111111111111111111111111111111111111111111111111111111111111111111111111111111111111111111111111,Plane Strain,1358530260.0,313954733.2,1142853537.0,0,0,260339699.0,1e-09,,2240000000,0.49253731,"[1.27228336e+09 1.26617382e+09 1.24803431e+09 1.21845320e+09
 1.17847656e+09 1.12968897e+09 1.07428947e+09 1.01512265e+09
 9.55616749e+08 8.99586058e+08 8.50882881e+08 8.12934867e+08
 7.88261385e+08 7.78097188e+08 7.82235399e+08 7.99133690e+08
 8.26239503e+08 8.60427320e+08 8.98429345e+08 9.37174015e+08
 9.73997589e+08 1.00673702e+09 1.03373590e+09 1.05380053e+09
 1.06613805e+09 1.07029897e+09 1.06613805e+09 1.05380053e+09
 1.03373590e+09 1.00673702e+09 9.73997589e+08 9.37174015e+08
 8.98429345e+08 8.60427320e+08 8.26239503e+08 7.99133690e+08
 7.82235399e+08 7.78097188e+08 7.88261385e+08 8.12934867e+08
 8.50882881e+08 8.99586058e+08 9.55616749e+08 1.01512265e+09
 1.07428947e+09 1.12968897e+09 1.17847656e+09 1.21845320e+09
 1.24803431e+09 1.26617382e+09 1.27228336e+09 1.26617382e+09
 1.24803431e+09 1.21845320e+09 1.17847656e+09 1.12968897e+09
 1.07428947e+09 1.01512265e+09 9.55616749e+08 8.99586058e+08
 8.50882881e+08 8.12934867e+08 7.88261385e+08 7.78097188e+08
 7.82235399e+08 7.99133690e+08 8.26239503e+08 8.60427320e+08
 8.98429345e+08 9.37174015e+08 9.73997589e+08 1.00673702e+09
 1.03373590e+09 1.05380053e+09 1.06613805e+09 1.07029897e+09
 1.06613805e+09 1.05380053e+09 1.03373590e+09 1.00673702e+09
 9.73997589e+08 9.37174015e+08 8.98429345e+08 8.60427320e+08
 8.26239503e+08 7.99133690e+08 7.82235399e+08 7.78097188e+08
 7.88261385e+08 8.12934867e+08 8.50882881e+08 8.99586058e+08
 9.55616749e+08 1.01512265e+09 1.07428947e+09 1.12968897e+09
 1.17847656e+09 1.21845320e+09 1.24803431e+09 1.26617382e+09
 1.27228336e+09]","[0.23109881 0.23421419 0.24348235 0.25865938 0.2793064  0.30474551
 0.33400843 0.36579152 0.39843747 0.42996904 0.45819935 0.48093046
 0.49622588 0.50270803 0.49980497 0.48787079 0.46813806 0.44251677
 0.41330268 0.38287632 0.35345842 0.32695336 0.30487898 0.28836039
 0.27815898 0.27471126 0.27815898 0.28836039 0.30487898 0.32695336
 0.35345842 0.38287632 0.41330268 0.44251677 0.46813806 0.48787079
 0.49980497 0.50270803 0.49622588 0.48093046 0.45819935 0.42996904
 0.39843747 0.36579152 0.33400843 0.30474551 0.2793064  0.25865938
 0.24348235 0.23421419 0.23109881 0.23421419 0.24348235 0.25865938
 0.2793064  0.30474551 0.33400843 0.36579152 0.39843747 0.42996904
 0.45819935 0.48093046 0.49622588 0.50270803 0.49980497 0.48787079
 0.46813806 0.44251677 0.41330268 0.38287632 0.35345842 0.32695336
 0.30487898 0.28836039 0.27815898 0.27471126 0.27815898 0.28836039
 0.30487898 0.32695336 0.35345842 0.38287632 0.41330268 0.44251677
 0.46813806 0.48787079 0.49980497 0.50270803 0.49622588 0.48093046
 0.45819935 0.42996904 0.39843747 0.36579152 0.33400843 0.30474551
 0.2793064  0.25865938 0.24348235 0.23421419 0.23109881]"
8669,C2v,50,50,0000000000111111111111111111111111111111000000000000000000001111111111111111111111111111110000000000111110000011111111111111111111111111111100000111111111100000111111111111111111111111111111000001111111111111111111111111111111111111111111111111111111000011110000011110000000000000000111100000111100000000111100000000000000000000000000000000001111000000001111111000000000000000000000000000011111110000000000011110000000000000000000000000000111100000000000000111100000000000000000000000000001111000000000000001100000000000000000000000000000000110000000000011111110000000000011111100000000000111111100000000111111100000000000111111000000000001111111000000001111111111000000001111110000000011111111110000000011111111111111111111111111111111111111111100000000111111111111111111111111111111111111111111000000001111111111111111111111111111111111111111110000000011111111111111111111111111111111111111111100000000111111111111111111111111111111111111111111000000001111111111111111111111111111111111111111110000000011111111111111111111111111111111111111111100000000111111111100000000000000000000001111111111000011111111111111000000000000000000000011111111111111111111111111110000000000000000000000111111111111111111111111111100000000000000000000001111111111111111111111111111000000000000000000000011111111111111111111111111110000000000000000000000111111111111111111111111111100000000000000000000001111111111111100001111111111000000000000000000000011111111110000000011111111111111111111111111111111111111111100000000111111111111111111111111111111111111111111000000001111111111111111111111111111111111111111110000000011111111111111111111111111111111111111111100000000111111111111111111111111111111111111111111000000001111111111111111111111111111111111111111110000000011111111111111111111111111111111111111111100000000111111111100000000111111000000001111111111000000001111111000000000001111110000000000011111110000000011111110000000000011111100000000000111111100000000000110000000000000000000000000000000011000000000000001111000000000000000000000000000011110000000000000011110000000000000000000000000000111100000000000111111100000000000000000000000000001111111000000001111000000000000000000000000000000000011110000000011110000011110000000000000000111100000111100001111111111111111111111111111111111111111111111111111111000001111111111111111111111111111110000011111111110000011111111111111111111111111111100000111110000000000111111111111111111111111111111000000000000000000001111111111111111111111111111110000000000,Plane Strain,502346324.3,15196196.92,54496889.54,0,0,30515264.93,1e-09,,2240000000,0.49253731,"[4.98108937e+08 4.93840002e+08 4.80736535e+08 4.58147962e+08
 4.25737623e+08 3.84345952e+08 3.36546674e+08 2.86365731e+08
 2.38156125e+08 1.95317321e+08 1.59622848e+08 1.31329509e+08
 1.09713795e+08 9.36267234e+07 8.18710289e+07 7.33898894e+07
 6.73283192e+07 6.30286219e+07 5.99999841e+07 5.78829962e+07
 5.64178725e+07 5.54189950e+07 5.47557449e+07 5.43386764e+07
 5.41099603e+07 5.40371979e+07 5.41099603e+07 5.43386764e+07
 5.47557449e+07 5.54189950e+07 5.64178725e+07 5.78829962e+07
 5.99999841e+07 6.30286219e+07 6.73283192e+07 7.33898894e+07
 8.18710289e+07 9.36267234e+07 1.09713795e+08 1.31329509e+08
 1.59622848e+08 1.95317321e+08 2.38156125e+08 2.86365731e+08
 3.36546674e+08 3.84345952e+08 4.25737623e+08 4.58147962e+08
 4.80736535e+08 4.93840002e+08 4.98108937e+08 4.93840002e+08
 4.80736535e+08 4.58147962e+08 4.25737623e+08 3.84345952e+08
 3.36546674e+08 2.86365731e+08 2.38156125e+08 1.95317321e+08
 1.59622848e+08 1.31329509e+08 1.09713795e+08 9.36267234e+07
 8.18710289e+07 7.33898894e+07 6.73283192e+07 6.30286219e+07
 5.99999841e+07 5.78829962e+07 5.64178725e+07 5.54189950e+07
 5.47557449e+07 5.43386764e+07 5.41099603e+07 5.40371979e+07
 5.41099603e+07 5.43386764e+07 5.47557449e+07 5.54189950e+07
 5.64178725e+07 5.78829962e+07 5.99999841e+07 6.30286219e+07
 6.73283192e+07 7.33898894e+07 8.18710289e+07 9.36267234e+07
 1.09713795e+08 1.31329509e+08 1.59622848e+08 1.95317321e+08
 2.38156125e+08 2.86365731e+08 3.36546674e+08 3.84345952e+08
 4.25737623e+08 4.58147962e+08 4.80736535e+08 4.93840002e+08
 4.98108937e+08]","[0.03025044 0.03363633 0.04385717 0.06110211 0.0856845  0.1180366
 0.15869632 0.20827834 0.26741684 0.33665897 0.41627729 0.50595664
 0.60430268 0.70813479 0.81160623 0.90540218 0.976637   1.01044504
 0.99406323 0.92270134 0.80412268 0.65824209 0.51124876 0.38800625
 0.30698536 0.27884522 0.30698536 0.38800625 0.51124876 0.65824209
 0.80412268 0.92270134 0.99406323 1.01044504 0.976637   0.90540218
 0.81160623 0.70813479 0.60430268 0.50595664 0.41627729 0.33665897
 0.26741684 0.20827834 0.15869632 0.1180366  0.0856845  0.06110211
 0.04385717 0.03363633 0.03025044 0.03363633 0.04385717 0.06110211
 0.0856845  0.1180366  0.15869632 0.20827834 0.26741684 0.33665897
 0.41627729 0.50595664 0.60430268 0.70813479 0.81160623 0.90540218
 0.976637   1.01044504 0.99406323 0.92270134 0.80412268 0.65824209
 0.51124876 0.38800625 0.30698536 0.27884522 0.30698536 0.38800625
 0.51124876 0.65824209 0.80412268 0.92270134 0.99406323 1.01044504
 0.976637   0.90540218 0.81160623 0.70813479 0.60430268 0.50595664
 0.41627729 0.33665897 0.26741684 0.20827834 0.15869632 0.1180366
 0.0856845  0.06110211 0.04385717 0.03363633 0.03025044]"
61706,C2v,50,50,0011111111111111111111111111111111111111111111110000111111111111111111111111111111111111111111111100011111111111111111111111111111111111111111111111100111111111111111111111111111111111111111111111111011111111111111111111111111111111111111111111111111111111111111111111111111111111111111111111111111111111111111111111111111111111111111111111111111111111111111111111111111111111111111111111111111111111111111111111111111111111111111111111111111111111111111111111111111111111111111111111111111111111111101111111111111111111111111111111111111111111111110001111111111111111111111111111111111111111111111000011111111111111111111111111111111111111111111110000111111111111111111111111111111111111111111111100001111111111111111111111111111111111111111111111000011111111111111111111111111111111111111111111110000111111111111111111111111111111111111111111111100001111111111111111111111111111111111111111111111000011111111111111111111111111111111111111111111110000111111111111111111111111111111111111111111111100001111111111111111111111111111111111111111111111000111111111111111111111111111111111111111111111111011111111111111111111111111111111111111111111111111111111111111111111111111111111111111111111111111111111111111111111111111111111111111111111111111111111111111111111111111111111111111111111111111111111111111111111111111111111111111111111111111111111111111111111111111111111111111111111111111111111111101111111111111111111111111111111111111111111111110001111111111111111111111111111111111111111111111000011111111111111111111111111111111111111111111110000111111111111111111111111111111111111111111111100001111111111111111111111111111111111111111111111000011111111111111111111111111111111111111111111110000111111111111111111111111111111111111111111111100001111111111111111111111111111111111111111111111000011111111111111111111111111111111111111111111110000111111111111111111111111111111111111111111111100001111111111111111111111111111111111111111111111000111111111111111111111111111111111111111111111111011111111111111111111111111111111111111111111111111111111111111111111111111111111111111111111111111111111111111111111111111111111111111111111111111111111111111111111111111111111111111111111111111111111111111111111111111111111111111111111111111111111111111111111111111111111111111111111111111111111111101111111111111111111111111111111111111111111111110011111111111111111111111111111111111111111111111100011111111111111111111111111111111111111111111110000111111111111111111111111111111111111111111111100,Plane Strain,1645903044.0,550010860.5,2052260572.0,0,0,582992274.6,1e-09,,2240000000,0.49253731,"[1.49849879e+09 1.49830369e+09 1.49778304e+09 1.49712832e+09
 1.49665024e+09 1.49676531e+09 1.49797563e+09 1.50084106e+09
 1.50594311e+09 1.51384121e+09 1.52502280e+09 1.53985074e+09
 1.55851274e+09 1.58097890e+09 1.60697341e+09 1.63596563e+09
 1.66718341e+09 1.69964863e+09 1.73223149e+09 1.76371779e+09
 1.79288187e+09 1.81855817e+09 1.83970555e+09 1.85546079e+09
 1.86517934e+09 1.86846363e+09 1.86517934e+09 1.85546079e+09
 1.83970555e+09 1.81855817e+09 1.79288187e+09 1.76371779e+09
 1.73223149e+09 1.69964863e+09 1.66718341e+09 1.63596563e+09
 1.60697341e+09 1.58097890e+09 1.55851274e+09 1.53985074e+09
 1.52502280e+09 1.51384121e+09 1.50594311e+09 1.50084106e+09
 1.49797563e+09 1.49676531e+09 1.49665024e+09 1.49712832e+09
 1.49778304e+09 1.49830369e+09 1.49849879e+09 1.49830369e+09
 1.49778304e+09 1.49712832e+09 1.49665024e+09 1.49676531e+09
 1.49797563e+09 1.50084106e+09 1.50594311e+09 1.51384121e+09
 1.52502280e+09 1.53985074e+09 1.55851274e+09 1.58097890e+09
 1.60697341e+09 1.63596563e+09 1.66718341e+09 1.69964863e+09
 1.73223149e+09 1.76371779e+09 1.79288187e+09 1.81855817e+09
 1.83970555e+09 1.85546079e+09 1.86517934e+09 1.86846363e+09
 1.86517934e+09 1.85546079e+09 1.83970555e+09 1.81855817e+09
 1.79288187e+09 1.76371779e+09 1.73223149e+09 1.69964863e+09
 1.66718341e+09 1.63596563e+09 1.60697341e+09 1.58097890e+09
 1.55851274e+09 1.53985074e+09 1.52502280e+09 1.51384121e+09
 1.50594311e+09 1.50084106e+09 1.49797563e+09 1.49676531e+09
 1.49665024e+09 1.49712832e+09 1.49778304e+09 1.49830369e+09
 1.49849879e+09]","[0.33416966 0.33469151 0.33620686 0.3385685  0.34154245 0.34482472
 0.34806405 0.35088942 0.35294043 0.35389797 0.35351208 0.35162383
 0.34817889 0.34323117 0.33693663 0.32953869 0.32134757 0.31271652
 0.30401782 0.29562069 0.28787266 0.28108509 0.27552262 0.27139616
 0.26885861 0.26800245 0.26885861 0.27139616 0.27552262 0.28108509
 0.28787266 0.29562069 0.30401782 0.31271652 0.32134757 0.32953869
 0.33693663 0.34323117 0.34817889 0.35162383 0.35351208 0.35389797
 0.35294043 0.35088942 0.34806405 0.34482472 0.34154245 0.3385685
 0.33620686 0.33469151 0.33416966 0.33469151 0.33620686 0.3385685
 0.34154245 0.34482472 0.34806405 0.35088942 0.35294043 0.35389797
 0.35351208 0.35162383 0.34817889 0.34323117 0.33693663 0.32953869
 0.32134757 0.31271652 0.30401782 0.29562069 0.28787266 0.28108509
 0.27552262 0.27139616 0.26885861 0.26800245 0.26885861 0.27139616
 0.27552262 0.28108509 0.28787266 0.29562069 0.30401782 0.31271652
 0.32134757 0.32953869 0.33693663 0.34323117 0.34817889 0.35162383
 0.35351208 0.35389797 0.35294043 0.35088942 0.34806405 0.34482472
 0.34154245 0.3385685  0.33620686 0.33469151 0.33416966]"
78757,C2v,50,50,1111111111111111111111111111111111111111111111111111111111111111111111111111111111111111111111111111011111111111111111111111111111111111111111111111100111111111111111111111111111111111111111111111111001111111111111111111111111111111111111111111111110001111111111111111111111111111111111111111111111000011111111111111111111111111111111111111111111110000111111111111111111111111111111111111111111111100001111111111111111111111111111111111111111111111000000000000000011111111111111111111110000000000000000000000000000111111111111111111111100000000000000000000000000001111111111111111111111000000000000000000000000000011111111111111111111110000000000000000000000000000111111111111111111111100000000000000000000000000001111111111111111111111000000000000000000000000000011111111111111111111110000000000000000000000000000011111111111111111111000000000000000000000000000000111111111111111111110000000000000000000000000000001111111111111111111100000000000000000000000000000011111111111111111111000000000000000000000000000000111111111111111111110000000000000000000000000000001111111111111111111100000000000000000000000000000011111111111111111111000000000000000000000000000000111111111111111111110000000000000000000000000000001111111111111111111100000000000000000000000000000011111111111111111111000000000000000000000000000000111111111111111111110000000000000000000000000000001111111111111111111100000000000000000000000000000011111111111111111111000000000000000000000000000000111111111111111111110000000000000000000000000000001111111111111111111100000000000000000000000000000011111111111111111111000000000000000000000000000000111111111111111111110000000000000000000000000000001111111111111111111100000000000000000000000000000111111111111111111111100000000000000000000000000001111111111111111111111000000000000000000000000000011111111111111111111110000000000000000000000000000111111111111111111111100000000000000000000000000001111111111111111111111000000000000000000000000000011111111111111111111110000000000000000000000000000111111111111111111111100000000000000001111111111111111111111111111111111111111111111000011111111111111111111111111111111111111111111110000111111111111111111111111111111111111111111111100001111111111111111111111111111111111111111111111000111111111111111111111111111111111111111111111111001111111111111111111111111111111111111111111111110011111111111111111111111111111111111111111111111101111111111111111111111111111111111111111111111111111111111111111111111111111111111111111111111111111,Plane Strain,480483201.3,93110819.01,897298830.7,0,0,85450467.02,1e-09,,2240000000,0.49253731,"[4.70821287e+08 4.68364715e+08 4.61028778e+08 4.48926944e+08
 4.32289861e+08 4.11531046e+08 3.87343710e+08 3.60827932e+08
 3.33636756e+08 3.08108243e+08 2.87317239e+08 2.74945109e+08
 2.74858163e+08 2.90354849e+08 3.23216977e+08 3.72915834e+08
 4.36397253e+08 5.08646671e+08 5.83815892e+08 6.56405887e+08
 7.22061450e+08 7.77830706e+08 8.22009896e+08 8.53790845e+08
 8.72889802e+08 8.79255277e+08 8.72889802e+08 8.53790845e+08
 8.22009896e+08 7.77830706e+08 7.22061450e+08 6.56405887e+08
 5.83815892e+08 5.08646671e+08 4.36397253e+08 3.72915834e+08
 3.23216977e+08 2.90354849e+08 2.74858163e+08 2.74945109e+08
 2.87317239e+08 3.08108243e+08 3.33636756e+08 3.60827932e+08
 3.87343710e+08 4.11531046e+08 4.32289861e+08 4.48926944e+08
 4.61028778e+08 4.68364715e+08 4.70821287e+08 4.68364715e+08
 4.61028778e+08 4.48926944e+08 4.32289861e+08 4.11531046e+08
 3.87343710e+08 3.60827932e+08 3.33636756e+08 3.08108243e+08
 2.87317239e+08 2.74945109e+08 2.74858163e+08 2.90354849e+08
 3.23216977e+08 3.72915834e+08 4.36397253e+08 5.08646671e+08
 5.83815892e+08 6.56405887e+08 7.22061450e+08 7.77830706e+08
 8.22009896e+08 8.53790845e+08 8.72889802e+08 8.79255277e+08
 8.72889802e+08 8.53790845e+08 8.22009896e+08 7.77830706e+08
 7.22061450e+08 6.56405887e+08 5.83815892e+08 5.08646671e+08
 4.36397253e+08 3.72915834e+08 3.23216977e+08 2.90354849e+08
 2.74858163e+08 2.74945109e+08 2.87317239e+08 3.08108243e+08
 3.33636756e+08 3.60827932e+08 3.87343710e+08 4.11531046e+08
 4.32289861e+08 4.48926944e+08 4.61028778e+08 4.68364715e+08
 4.70821287e+08]","[0.19378579 0.20144117 0.22420613 0.26140259 0.31165967 0.37259081
 0.4404506  0.50993786 0.5743811  0.62651313 0.65982075 0.67008078
 0.65642171 0.62138747 0.57000544 0.50836639 0.44233518 0.37675396
 0.31516755 0.25990896 0.21235407 0.17320905 0.14276065 0.12106651
 0.10808688 0.1037679  0.10808688 0.12106651 0.14276065 0.17320905
 0.21235407 0.25990896 0.31516755 0.37675396 0.44233518 0.50836639
 0.57000544 0.62138747 0.65642171 0.67008078 0.65982075 0.62651313
 0.5743811  0.50993786 0.4404506  0.37259081 0.31165967 0.26140259
 0.22420613 0.20144117 0.19378579 0.20144117 0.22420613 0.26140259
 0.31165967 0.37259081 0.4404506  0.50993786 0.5743811  0.62651313
 0.65982075 0.67008078 0.65642171 0.62138747 0.57000544 0.50836639
 0.44233518 0.37675396 0.31516755 0.25990896 0.21235407 0.17320905
 0.14276065 0.12106651 0.10808688 0.1037679  0.10808688 0.12106651
 0.14276065 0.17320905 0.21235407 0.25990896 0.31516755 0.37675396
 0.44233518 0.50836639 0.57000544 0.62138747 0.65642171 0.67008078
 0.65982075 0.62651313 0.5743811  0.50993786 0.4404506  0.37259081
 0.31165967 0.26140259 0.22420613 0.20144117 0.19378579]"
25268,C2v,50,50,0000000000000000011111111111111110000000000000000000000000000000000111111111111111100000000000000000000000000000000001111111111111111000000000000000000000000000000000011111111111111110000000000000000000000000000000111111111111111111111100000000000000000000000000001111111111111111111111000000000000000000000000000011111111111111111111110000000000000000000000000000111111111111111111111100000000000000111111111100001111111111111111111111000011111111111111111111000011111111111111111111110000111111111111111111110001111111111111111111111110001111111111111111111111111111111111111111111111111111111111110000000111111111111111111111111111111111111000000000000000111111111111111111111111111111111100000000000000001111111111111111111111111111111111000000000000000011111111111111111111111111111111110000000000000000111111111111111111111111111111111100000000000000011111111111111111111111111111111111100000000000001111111111111111111111111111111111111100000000000011111111111111111111111111111111111111000000000000111111111111111111111111111111111111110000000000011111111111111111111111111111111111111110000000000111111111111111111111111111111111111111100000000001111111111111111111111111111111111111111000000000111111111111111111111111111111111111111111000000001111111111111111111111111111111111111111110000000001111111111111111111111111111111111111111000000000011111111111111111111111111111111111111110000000000111111111111111111111111111111111111111100000000000111111111111111111111111111111111111110000000000001111111111111111111111111111111111111100000000000011111111111111111111111111111111111111000000000000011111111111111111111111111111111111100000000000000011111111111111111111111111111111110000000000000000111111111111111111111111111111111100000000000000001111111111111111111111111111111111000000000000000011111111111111111111111111111111110000000000000001111111111111111111111111111111111110000000111111111111111111111111111111111111111111111111111111111111000111111111111111111111111000111111111111111111110000111111111111111111111100001111111111111111111100001111111111111111111111000011111111110000000000000011111111111111111111110000000000000000000000000000111111111111111111111100000000000000000000000000001111111111111111111111000000000000000000000000000011111111111111111111110000000000000000000000000000000111111111111111100000000000000000000000000000000001111111111111111000000000000000000000000000000000011111111111111110000000000000000000000000000000000111111111111111100000000000000000,Plane Strain,246816372.4,20692471.33,865164870.9,0,0,15357553.67,1e-09,,2240000000,0.49253731,"[2.46321463e+08 2.44583328e+08 2.39357658e+08 2.30616284e+08
 2.18332622e+08 2.02518157e+08 1.83286422e+08 1.60959427e+08
 1.36237078e+08 1.10451861e+08 8.59174740e+07 6.63270480e+07
 5.70282644e+07 6.47897584e+07 9.65092476e+07 1.56604571e+08
 2.43969891e+08 3.50704479e+08 4.64318349e+08 5.72281332e+08
 6.65760740e+08 7.40643374e+08 7.96410781e+08 8.34380186e+08
 8.56285571e+08 8.63430066e+08 8.56285571e+08 8.34380186e+08
 7.96410781e+08 7.40643374e+08 6.65760740e+08 5.72281332e+08
 4.64318349e+08 3.50704479e+08 2.43969891e+08 1.56604571e+08
 9.65092476e+07 6.47897584e+07 5.70282644e+07 6.63270480e+07
 8.59174740e+07 1.10451861e+08 1.36237078e+08 1.60959427e+08
 1.83286422e+08 2.02518157e+08 2.18332622e+08 2.30616284e+08
 2.39357658e+08 2.44583328e+08 2.46321463e+08 2.44583328e+08
 2.39357658e+08 2.30616284e+08 2.18332622e+08 2.02518157e+08
 1.83286422e+08 1.60959427e+08 1.36237078e+08 1.10451861e+08
 8.59174740e+07 6.63270480e+07 5.70282644e+07 6.47897584e+07
 9.65092476e+07 1.56604571e+08 2.43969891e+08 3.50704479e+08
 4.64318349e+08 5.72281332e+08 6.65760740e+08 7.40643374e+08
 7.96410781e+08 8.34380186e+08 8.56285571e+08 8.63430066e+08
 8.56285571e+08 8.34380186e+08 7.96410781e+08 7.40643374e+08
 6.65760740e+08 5.72281332e+08 4.64318349e+08 3.50704479e+08
 2.43969891e+08 1.56604571e+08 9.65092476e+07 6.47897584e+07
 5.70282644e+07 6.63270480e+07 8.59174740e+07 1.10451861e+08
 1.36237078e+08 1.60959427e+08 1.83286422e+08 2.02518157e+08
 2.18332622e+08 2.30616284e+08 2.39357658e+08 2.44583328e+08
 2.46321463e+08]","[0.08383752 0.10051552 0.15065132 0.23419966 0.34986299 0.49317617
 0.65407621 0.81515621 0.95285675 1.04338927 1.07165359 1.03731609
 0.95340976 0.83919597 0.71290696 0.58793795 0.47237094 0.3701533
 0.28258    0.20948314 0.15001955 0.10313534 0.06781708 0.04321717
 0.02871054 0.02391737 0.02871054 0.04321717 0.06781708 0.10313534
 0.15001955 0.20948314 0.28258    0.3701533  0.47237094 0.58793795
 0.71290696 0.83919597 0.95340976 1.03731609 1.07165359 1.04338927
 0.95285675 0.81515621 0.65407621 0.49317617 0.34986299 0.23419966
 0.15065132 0.10051552 0.08383752 0.10051552 0.15065132 0.23419966
 0.34986299 0.49317617 0.65407621 0.81515621 0.95285675 1.04338927
 1.07165359 1.03731609 0.95340976 0.83919597 0.71290696 0.58793795
 0.47237094 0.3701533  0.28258    0.20948314 0.15001955 0.10313534
 0.06781708 0.04321717 0.02871054 0.02391737 0.02871054 0.04321717
 0.06781708 0.10313534 0.15001955 0.20948314 0.28258    0.3701533
 0.47237094 0.58793795 0.71290696 0.83919597 0.95340976 1.03731609
 1.07165359 1.04338927 0.95285675 0.81515621 0.65407621 0.49317617
 0.34986299 0.23419966 0.15065132 0.10051552 0.08383752]"
17104,C2v,50,50,0000000000000111111111111111111111111000000000000000000000000001111111111111111111111110000000000000000000000000011111111111111111111111100000000000000000000000011111111111111111111111111110000000000000000000001111111111111111111111111111110000000000000000000011111111111111111111111111111100000000001000000011111111111111111111111111111111110000000110000000111111111111111111111111111111111100000001111111111111111111111111111111111111111111111111110111111111111111111111111111111111111111111111111001111111111111111111111111111111111111111111111110001111111111111111111111111111111111111111111111000001111111111111111111111111111111111111111111100000011111111111111111111111111111111111111111111000000001111111111111111111111111111111111111111000000000011111111111111111111111111111111111111110000000000001111111111111111111111111111111111110000000000000011111111111111111111111111111111111100000000000000000000111111111111111111111111000000000000000000000000001111111111111111111111110000000000000000000000000011111111111111111111111100000000000000000000000000111111111111111111111111000000000000000000000001111111111111111111111111111110000000000000000000111111111111111111111111111111110000000000000000001111111111111111111111111111111100000000000000000011111111111111111111111111111111000000000000000000111111111111111111111111111111110000000000000000000111111111111111111111111111111000000000000000000000001111111111111111111111110000000000000000000000000011111111111111111111111100000000000000000000000000111111111111111111111111000000000000000000000000001111111111111111111111110000000000000000000011111111111111111111111111111111111100000000000000111111111111111111111111111111111111000000000000111111111111111111111111111111111111111100000000001111111111111111111111111111111111111111000000001111111111111111111111111111111111111111111100000011111111111111111111111111111111111111111111000001111111111111111111111111111111111111111111111000111111111111111111111111111111111111111111111111001111111111111111111111111111111111111111111111110111111111111111111111111111111111111111111111111111000000011111111111111111111111111111111110000000110000000111111111111111111111111111111111100000001000000000011111111111111111111111111111100000000000000000000111111111111111111111111111111000000000000000000000111111111111111111111111111100000000000000000000000011111111111111111111111100000000000000000000000000111111111111111111111111000000000000000000000000001111111111111111111111110000000000000,Plane Strain,296569803.9,68619514.81,1036906721.0,0,0,56864696.73,1e-09,,2240000000,0.49253731,"[2.92028761e+08 2.90592640e+08 2.86302932e+08 2.79222444e+08
 2.69479697e+08 2.57308380e+08 2.43109794e+08 2.27544728e+08
 2.11660263e+08 1.97050488e+08 1.86032139e+08 1.81778596e+08
 1.88295299e+08 2.10055409e+08 2.51116908e+08 3.13730958e+08
 3.96877338e+08 4.95577589e+08 6.01698235e+08 7.06061295e+08
 8.00747449e+08 8.80453146e+08 9.42576062e+08 9.86463975e+08
 1.01244401e+09 1.02102972e+09 1.01244401e+09 9.86463975e+08
 9.42576062e+08 8.80453146e+08 8.00747449e+08 7.06061295e+08
 6.01698235e+08 4.95577589e+08 3.96877338e+08 3.13730958e+08
 2.51116908e+08 2.10055409e+08 1.88295299e+08 1.81778596e+08
 1.86032139e+08 1.97050488e+08 2.11660263e+08 2.27544728e+08
 2.43109794e+08 2.57308380e+08 2.69479697e+08 2.79222444e+08
 2.86302932e+08 2.90592640e+08 2.92028761e+08 2.90592640e+08
 2.86302932e+08 2.79222444e+08 2.69479697e+08 2.57308380e+08
 2.43109794e+08 2.27544728e+08 2.11660263e+08 1.97050488e+08
 1.86032139e+08 1.81778596e+08 1.88295299e+08 2.10055409e+08
 2.51116908e+08 3.13730958e+08 3.96877338e+08 4.95577589e+08
 6.01698235e+08 7.06061295e+08 8.00747449e+08 8.80453146e+08
 9.42576062e+08 9.86463975e+08 1.01244401e+09 1.02102972e+09
 1.01244401e+09 9.86463975e+08 9.42576062e+08 8.80453146e+08
 8.00747449e+08 7.06061295e+08 6.01698235e+08 4.95577589e+08
 3.96877338e+08 3.13730958e+08 2.51116908e+08 2.10055409e+08
 1.88295299e+08 1.81778596e+08 1.86032139e+08 1.97050488e+08
 2.11660263e+08 2.27544728e+08 2.43109794e+08 2.57308380e+08
 2.69479697e+08 2.79222444e+08 2.86302932e+08 2.90592640e+08
 2.92028761e+08]","[0.23137728 0.24493703 0.28510447 0.35010557 0.43624306 0.53702879
 0.64259295 0.74011052 0.81586016 0.85866286 0.8631909  0.8312426
 0.77030489 0.69050728 0.60172019 0.51184381 0.42632803 0.34845235
 0.27988822 0.22125648 0.17256628 0.13352062 0.10371294 0.0827463
 0.07030206 0.06617713 0.07030206 0.0827463  0.10371294 0.13352062
 0.17256628 0.22125648 0.27988822 0.34845235 0.42632803 0.51184381
 0.60172019 0.69050728 0.77030489 0.8312426  0.8631909  0.85866286
 0.81586016 0.74011052 0.64259295 0.53702879 0.43624306 0.35010557
 0.28510447 0.24493703 0.23137728 0.24493703 0.28510447 0.35010557
 0.43624306 0.53702879 0.64259295 0.74011052 0.81586016 0.85866286
 0.8631909  0.8312426  0.77030489 0.69050728 0.60172019 0.51184381
 0.42632803 0.34845235 0.27988822 0.22125648 0.17256628 0.13352062
 0.10371294 0.0827463  0.07030206 0.06617713 0.07030206 0.0827463
 0.10371294 0.13352062 0.17256628 0.22125648 0.27988822 0.34845235
 0.42632803 0.51184381 0.60172019 0.69050728 0.77030489 0.8312426
 0.8631909  0.85866286 0.81586016 0.74011052 0.64259295 0.53702879
 0.43624306 0.35010557 0.28510447 0.24493703 0.23137728]"
42441,C2v,50,50,0000000000000111111111111111111111111000000000000000000000000001111111111111111111111110000000000000000000000000011111111111111111111111100000000000000000000000000111111111111111111111111000000000000001000000010011111111111111111111111111001000000010110000000111111111111111111111111111111110000000111100000001111111111111111111111111111111100000001111100000011111111111111111111111111111111000000111111111111111111111111111111111111111111111111111111111111111111111111111111111111111111111111111111111111111111111111111111111111111111111111111111111111111111111111111111111111111111111111111111111110111111111111111111111111111111111111111111111111001111111111111111111111111111111111111111111111110001111111111111111111111111111111111111111111111000010000001111111111111111111111111111111100000010000000000001111111111111111111111111111110000000000000000000011111111111111111111111111111100000000000000000000111111111111111111111111111111000000000000000000001111111111111111111111111111110000000000000000000011111111111111111111111111111100000000000000000000111111111111111111111111111111000000000000000000001111111111111111111111111111110000000000000000000011111111111111111111111111111100000000000000000000111111111111111111111111111111000000000000000000001111111111111111111111111111110000000000000000000011111111111111111111111111111100000000000000000000111111111111111111111111111111000000000000000000001111111111111111111111111111110000000000000000000011111111111111111111111111111100000000000000000000111111111111111111111111111111000000000000000000001111111111111111111111111111110000000000000000000011111111111111111111111111111100000000000000000000111111111111111111111111111111000000000000100000011111111111111111111111111111111000000100001111111111111111111111111111111111111111111111000111111111111111111111111111111111111111111111111001111111111111111111111111111111111111111111111110111111111111111111111111111111111111111111111111111111111111111111111111111111111111111111111111111111111111111111111111111111111111111111111111111111111111111111111111111111111111111111111111111111111110000001111111111111111111111111111111100000011111000000011111111111111111111111111111111000000011110000000111111111111111111111111111111110000000110100000001001111111111111111111111111100100000001000000000000001111111111111111111111110000000000000000000000000011111111111111111111111100000000000000000000000000111111111111111111111111000000000000000000000000001111111111111111111111110000000000000,Plane Strain,670561871.4,149915310.5,1142689578.0,0,0,81521649.5,1e-09,,2240000000,0.49253731,"[6.50893712e+08 6.46729788e+08 6.34268148e+08 6.13619452e+08
 5.85038127e+08 5.49035136e+08 5.06548132e+08 4.59171322e+08
 4.09428381e+08 3.61030954e+08 3.18999910e+08 2.89455959e+08
 2.78874016e+08 2.92742002e+08 3.33915036e+08 4.01345116e+08
 4.89917623e+08 5.91612663e+08 6.97452823e+08 7.99332181e+08
 8.91086407e+08 9.68709766e+08 1.03000050e+09 1.07398735e+09
 1.10038249e+09 1.10917351e+09 1.10038249e+09 1.07398735e+09
 1.03000050e+09 9.68709766e+08 8.91086407e+08 7.99332181e+08
 6.97452823e+08 5.91612663e+08 4.89917623e+08 4.01345116e+08
 3.33915036e+08 2.92742002e+08 2.78874016e+08 2.89455959e+08
 3.18999910e+08 3.61030954e+08 4.09428381e+08 4.59171322e+08
 5.06548132e+08 5.49035136e+08 5.85038127e+08 6.13619452e+08
 6.34268148e+08 6.46729788e+08 6.50893712e+08 6.46729788e+08
 6.34268148e+08 6.13619452e+08 5.85038127e+08 5.49035136e+08
 5.06548132e+08 4.59171322e+08 4.09428381e+08 3.61030954e+08
 3.18999910e+08 2.89455959e+08 2.78874016e+08 2.92742002e+08
 3.33915036e+08 4.01345116e+08 4.89917623e+08 5.91612663e+08
 6.97452823e+08 7.99332181e+08 8.91086407e+08 9.68709766e+08
 1.03000050e+09 1.07398735e+09 1.10038249e+09 1.10917351e+09
 1.10038249e+09 1.07398735e+09 1.03000050e+09 9.68709766e+08
 8.91086407e+08 7.99332181e+08 6.97452823e+08 5.91612663e+08
 4.89917623e+08 4.01345116e+08 3.33915036e+08 2.92742002e+08
 2.78874016e+08 2.89455959e+08 3.18999910e+08 3.61030954e+08
 4.09428381e+08 4.59171322e+08 5.06548132e+08 5.49035136e+08
 5.85038127e+08 6.13619452e+08 6.34268148e+08 6.46729788e+08
 6.50893712e+08]","[0.22356671 0.23148733 0.25510666 0.29392015 0.34683262 0.41179553
 0.48537302 0.56238695 0.63589767 0.6978176  0.74028937 0.75753689
 0.74743957 0.71203132 0.65667473 0.58840194 0.51423697 0.44007604
 0.37025008 0.30758776 0.25372423 0.2094645  0.17510198 0.15065915
 0.13605246 0.13119513 0.13605246 0.15065915 0.17510198 0.2094645
 0.25372423 0.30758776 0.37025008 0.44007604 0.51423697 0.58840194
 0.65667473 0.71203132 0.74743957 0.75753689 0.74028937 0.6978176
 0.63589767 0.56238695 0.48537302 0.41179553 0.34683262 0.29392015
 0.25510666 0.23148733 0.22356671 0.23148733 0.25510666 0.29392015
 0.34683262 0.41179553 0.48537302 0.56238695 0.63589767 0.6978176
 0.74028937 0.75753689 0.74743957 0.71203132 0.65667473 0.58840194
 0.51423697 0.44007604 0.37025008 0.30758776 0.25372423 0.2094645
 0.17510198 0.15065915 0.13605246 0.13119513 0.13605246 0.15065915
 0.17510198 0.2094645  0.25372423 0.30758776 0.37025008 0.44007604
 0.51423697 0.58840194 0.65667473 0.71203132 0.74743957 0.75753689
 0.74028937 0.6978176  0.63589767 0.56238695 0.48537302 0.41179553
 0.34683262 0.29392015 0.25510666 0.23148733 0.22356671]"
22294,C2v,50,50,0000000001100000000000000000000000000001100000000000000000011000000000000000000000000000011000000000000000000110000000000000000000000000000110000000000000000001100000000000000000000000000001100000000000000000011000000000000000000000000000011000000000000000000110000000000000000000000000000110000000000000000001100000000000000000000000000001100000000000000000011000000000000000000000000000011000000000000000000110000000000000000000000000000110000000000000000001111111111111111111111111111111100000000000000000011111111111111111111111111111111000000000000000000111111111111111111111111111111110000000000000000001111111111111111111111111111111100000000000000000011111111111111111111111111111111000000000000000011111111111111111111111111111111111100000000000000111111111111111111111111111111111111000000000000001111111111111111111111111111111111110000000000000011111111111111111111111111111111111100000000000111111111111111111111111111111111111111111000011111111111111111111111111111111111111111111111111111111111111111111111111111111111111111111111111111111111111111111111111111111111111111111111111111111111111111111111111111111111111111111111111111111111111111111111111111111111111111111111111111111111111111111111111111111111111111111111111111111111111111111111111111111111111111111111111111111111111111111111111111111111111111111111111111111111111111111111111111111111111111111111111111111111111111111111111111111111111111111111111111111111111111111111111111111111111111111111111111111111111111111111111111111111111111111111111111111111111111111111100001111111111111111111111111111111111111111110000000000011111111111111111111111111111111111100000000000000111111111111111111111111111111111111000000000000001111111111111111111111111111111111110000000000000011111111111111111111111111111111111100000000000000001111111111111111111111111111111100000000000000000011111111111111111111111111111111000000000000000000111111111111111111111111111111110000000000000000001111111111111111111111111111111100000000000000000011111111111111111111111111111111000000000000000000110000000000000000000000000000110000000000000000001100000000000000000000000000001100000000000000000011000000000000000000000000000011000000000000000000110000000000000000000000000000110000000000000000001100000000000000000000000000001100000000000000000011000000000000000000000000000011000000000000000000110000000000000000000000000000110000000000000000001100000000000000000000000000001100000000000000000011000000000000000000000000000011000000000,Plane Strain,698891365.2,19390180.8,260004407.1,0,0,4125523.23,1e-09,,2240000000,0.49253731,"[6.97445316e+08 6.91574390e+08 6.73625332e+08 6.42653973e+08
 5.97343259e+08 5.36523932e+08 4.60120063e+08 3.70514877e+08
 2.73869430e+08 1.80262961e+08 1.01489378e+08 4.69172887e+07
 2.00063951e+07 1.79508176e+07 3.41661597e+07 6.13516791e+07
 9.34294379e+07 1.26146918e+08 1.56887341e+08 1.84219405e+08
 2.07467351e+08 2.26390431e+08 2.40971240e+08 2.51285741e+08
 2.57427582e+08 2.59466442e+08 2.57427582e+08 2.51285741e+08
 2.40971240e+08 2.26390431e+08 2.07467351e+08 1.84219405e+08
 1.56887341e+08 1.26146918e+08 9.34294379e+07 6.13516791e+07
 3.41661597e+07 1.79508176e+07 2.00063951e+07 4.69172887e+07
 1.01489378e+08 1.80262961e+08 2.73869430e+08 3.70514877e+08
 4.60120063e+08 5.36523932e+08 5.97343259e+08 6.42653973e+08
 6.73625332e+08 6.91574390e+08 6.97445316e+08 6.91574390e+08
 6.73625332e+08 6.42653973e+08 5.97343259e+08 5.36523932e+08
 4.60120063e+08 3.70514877e+08 2.73869430e+08 1.80262961e+08
 1.01489378e+08 4.69172887e+07 2.00063951e+07 1.79508176e+07
 3.41661597e+07 6.13516791e+07 9.34294379e+07 1.26146918e+08
 1.56887341e+08 1.84219405e+08 2.07467351e+08 2.26390431e+08
 2.40971240e+08 2.51285741e+08 2.57427582e+08 2.59466442e+08
 2.57427582e+08 2.51285741e+08 2.40971240e+08 2.26390431e+08
 2.07467351e+08 1.84219405e+08 1.56887341e+08 1.26146918e+08
 9.34294379e+07 6.13516791e+07 3.41661597e+07 1.79508176e+07
 2.00063951e+07 4.69172887e+07 1.01489378e+08 1.80262961e+08
 2.73869430e+08 3.70514877e+08 4.60120063e+08 5.36523932e+08
 5.97343259e+08 6.42653973e+08 6.73625332e+08 6.91574390e+08
 6.97445316e+08]","[0.0277442  0.03307145 0.04920395 0.07659073 0.11596507 0.16830573
 0.23474494 0.31637222 0.41385212 0.52674083 0.65238636 0.78441759
 0.9112227  1.0155683  1.07716955 1.07919273 1.01629491 0.89848762
 0.74716425 0.58631638 0.43524946 0.30598004 0.2042623  0.13190175
 0.08884582 0.07457635 0.08884582 0.13190175 0.2042623  0.30598004
 0.43524946 0.58631638 0.74716425 0.89848762 1.01629491 1.07919273
 1.07716955 1.0155683  0.9112227  0.78441759 0.65238636 0.52674083
 0.41385212 0.31637222 0.23474494 0.16830573 0.11596507 0.07659073
 0.04920395 0.03307145 0.0277442  0.03307145 0.04920395 0.07659073
 0.11596507 0.16830573 0.23474494 0.31637222 0.41385212 0.52674083
 0.65238636 0.78441759 0.9112227  1.0155683  1.07716955 1.07919273
 1.01629491 0.89848762 0.74716425 0.58631638 0.43524946 0.30598004
 0.2042623  0.13190175 0.08884582 0.07457635 0.08884582 0.13190175
 0.2042623  0.30598004 0.43524946 0.58631638 0.74716425 0.89848762
 1.01629491 1.07919273 1.07716955 1.0155683  0.9112227  0.78441759
 0.65238636 0.52674083 0.41385212 0.31637222 0.23474494 0.16830573
 0.11596507 0.07659073 0.04920395 0.03307145 0.0277442 ]"
49743,C2v,50,50,0000000000111111111111111111111111111111000000000000000000001111111111111111111111111111110000000000000000000011111111111111111111111111111100000000000000000000111111111111111111111111111111000000000000000000001111111111111111111111111111110000000000000000000011111111111111111111111111111100000000000000000001111111111111111111111111111111100000000000000000011111111111111111111111111111111000000000111000111111111111111111111111111111111111110001111111111111111111111111111111111111111111111111111111111111111111111111111111111111111111111111111111111111111111111111111111111111111111111111111111111111111111111111111111111111111111111111111111111111111111111111111111111111111111111111111111111111111111111111111111111111111111111111111111111111111111111111111111111111111111111111111111111111111100111111111111111111111111111111111111111111111100000011111111111111111111111111111111111111111100000000011111111111111111111111111111111111111110000000000111111111111111111111111111111111111111100000000001111111111111111111111111111111111111111000000000001111111111111111111111111111111111111100000000000011111111111111111111111111111111111111000000000000011111111111111111111111111111111111100000000000000001111111111111111111111111111111100000000000000000011111111111111111111111111111111000000000000000011111111111111111111111111111111111100000000000001111111111111111111111111111111111111100000000000011111111111111111111111111111111111111000000000001111111111111111111111111111111111111111000000000011111111111111111111111111111111111111110000000000111111111111111111111111111111111111111100000000011111111111111111111111111111111111111111100000011111111111111111111111111111111111111111111110011111111111111111111111111111111111111111111111111111111111111111111111111111111111111111111111111111111111111111111111111111111111111111111111111111111111111111111111111111111111111111111111111111111111111111111111111111111111111111111111111111111111111111111111111111111111111111111111111111111111111111111111111111111111111111111111111111111111111111000111111111111111111111111111111111111110001110000000001111111111111111111111111111111100000000000000000011111111111111111111111111111111000000000000000000011111111111111111111111111111100000000000000000000111111111111111111111111111111000000000000000000001111111111111111111111111111110000000000000000000011111111111111111111111111111100000000000000000000111111111111111111111111111111000000000000000000001111111111111111111111111111110000000000,Plane Strain,1037617612.0,270599713.6,1375565550.0,0,0,221185333.2,1e-09,,2240000000,0.49253731,"[9.84385540e+08 9.80096456e+08 9.67352788e+08 9.46543127e+08
 9.18373370e+08 8.83948819e+08 8.44875022e+08 8.03355500e+08
 7.62249408e+08 7.25036410e+08 6.95629283e+08 6.77991883e+08
 6.75574118e+08 6.90661970e+08 7.23823053e+08 7.73647871e+08
 8.36905072e+08 9.09073158e+08 9.85069085e+08 1.05994720e+09
 1.12940099e+09 1.19000995e+09 1.23926778e+09 1.27547384e+09
 1.29757145e+09 1.30499600e+09 1.29757145e+09 1.27547384e+09
 1.23926778e+09 1.19000995e+09 1.12940099e+09 1.05994720e+09
 9.85069085e+08 9.09073158e+08 8.36905072e+08 7.73647871e+08
 7.23823053e+08 6.90661970e+08 6.75574118e+08 6.77991883e+08
 6.95629283e+08 7.25036410e+08 7.62249408e+08 8.03355500e+08
 8.44875022e+08 8.83948819e+08 9.18373370e+08 9.46543127e+08
 9.67352788e+08 9.80096456e+08 9.84385540e+08 9.80096456e+08
 9.67352788e+08 9.46543127e+08 9.18373370e+08 8.83948819e+08
 8.44875022e+08 8.03355500e+08 7.62249408e+08 7.25036410e+08
 6.95629283e+08 6.77991883e+08 6.75574118e+08 6.90661970e+08
 7.23823053e+08 7.73647871e+08 8.36905072e+08 9.09073158e+08
 9.85069085e+08 1.05994720e+09 1.12940099e+09 1.19000995e+09
 1.23926778e+09 1.27547384e+09 1.29757145e+09 1.30499600e+09
 1.29757145e+09 1.27547384e+09 1.23926778e+09 1.19000995e+09
 1.12940099e+09 1.05994720e+09 9.85069085e+08 9.09073158e+08
 8.36905072e+08 7.73647871e+08 7.23823053e+08 6.90661970e+08
 6.75574118e+08 6.77991883e+08 6.95629283e+08 7.25036410e+08
 7.62249408e+08 8.03355500e+08 8.44875022e+08 8.83948819e+08
 9.18373370e+08 9.46543127e+08 9.67352788e+08 9.80096456e+08
 9.84385540e+08]","[0.26078944 0.26517619 0.27816945 0.29924744 0.32747602 0.36143027
 0.39912482 0.43799753 0.47499994 0.50683795 0.5303665  0.5430752
 0.54353568 0.53166188 0.50868866 0.47688164 0.43908919 0.39828305
 0.35720106 0.31813904 0.2828808  0.25272499 0.22856287 0.210971
 0.2002959  0.19671888 0.2002959  0.210971   0.22856287 0.25272499
 0.2828808  0.31813904 0.35720106 0.39828305 0.43908919 0.47688164
 0.50868866 0.53166188 0.54353568 0.5430752  0.5303665  0.50683795
 0.47499994 0.43799753 0.39912482 0.36143027 0.32747602 0.29924744
 0.27816945 0.26517619 0.26078944 0.26517619 0.27816945 0.29924744
 0.32747602 0.36143027 0.39912482 0.43799753 0.47499994 0.50683795
 0.5303665  0.5430752  0.54353568 0.53166188 0.50868866 0.47688164
 0.43908919 0.39828305 0.35720106 0.31813904 0.2828808  0.25272499
 0.22856287 0.210971   0.2002959  0.19671888 0.2002959  0.210971
 0.22856287 0.25272499 0.2828808  0.31813904 0.35720106 0.39828305
 0.43908919 0.47688164 0.50868866 0.53166188 0.54353568 0.5430752
 0.5303665  0.50683795 0.47499994 0.43799753 0.39912482 0.36143027
 0.32747602 0.29924744 0.27816945 0.26517619 0.26078944]"
71463,C2v,50,50,0011111110000000011111111111111110000000011111110000111111100000000111111111111111100000000111111100001111111000000001111111111111111000000001111111000111111110000000011111111111111110000000011111111001111111110001000111111111111111100010001111111110111111111111110001111111111111111000111111111111111111111111111110011111111111111110011111111111111111111111111111100111111111111111100111111111111111111111111111111111111111111111111111111111111111110111111111111111111111111111111111111111111111111001111111111111111111111111111111111111111111111110001111111111111111111111111111111111111111111111000011111111111111111111111111111111111111111111110000011111111111111111111111111111111111111111111000000111111111111111111111111111111111111111111110000001111111111111111111111111111111111111111111100000011111111111111111111111111111111111111111111000000111111111111111111111111111111111111111111110000001111111111111111111111111111111111111111111100000000111110011111111111111111111111111001111100000000001111100111111111111111111111111110011111000000000011111001111111111111111111111111100111110000000000000000011111111111111111111111111000000000000000000000000111111111111111111111111110000000000000000000000001111111111111111111111111100000000000000000000000011111111111111111111111111000000000000000000000000111111111111111111111111110000000000000000000000001111111111111111111111111100000000000000000111110011111111111111111111111111001111100000000001111100111111111111111111111111110011111000000000011111001111111111111111111111111100111110000000011111111111111111111111111111111111111111111000000111111111111111111111111111111111111111111110000001111111111111111111111111111111111111111111100000011111111111111111111111111111111111111111111000000111111111111111111111111111111111111111111110000001111111111111111111111111111111111111111111100000111111111111111111111111111111111111111111111100001111111111111111111111111111111111111111111111000111111111111111111111111111111111111111111111111001111111111111111111111111111111111111111111111110111111111111111111111111111111111111111111111111111111111111111110011111111111111110011111111111111111111111111111100111111111111111100111111111111111111111111111110001111111111111111000111111111111110111111111000100011111111111111110001000111111111001111111100000000111111111111111100000000111111110001111111000000001111111111111111000000001111111000011111110000000011111111111111110000000011111110000111111100000000111111111111111100000000111111100,Plane Strain,636133013.1,284772726.9,1125205928.0,0,0,260805339.0,1e-09,,2240000000,0.49253731,"[5.64061311e+08 5.64948564e+08 5.67623862e+08 5.72127055e+08
 5.78521885e+08 5.86891767e+08 5.97333456e+08 6.09948255e+08
 6.24830483e+08 6.42052999e+08 6.61649936e+08 6.83597197e+08
 7.07791900e+08 7.34032636e+08 7.62003049e+08 7.91261627e+08
 8.21240557e+08 8.51255813e+08 8.80529379e+08 9.08222746e+08
 9.33479119e+08 9.55470346e+08 9.73444051e+08 9.86766703e+08
 9.94959343e+08 9.97723932e+08 9.94959343e+08 9.86766703e+08
 9.73444051e+08 9.55470346e+08 9.33479119e+08 9.08222746e+08
 8.80529379e+08 8.51255813e+08 8.21240557e+08 7.91261627e+08
 7.62003049e+08 7.34032636e+08 7.07791900e+08 6.83597197e+08
 6.61649936e+08 6.42052999e+08 6.24830483e+08 6.09948255e+08
 5.97333456e+08 5.86891767e+08 5.78521885e+08 5.72127055e+08
 5.67623862e+08 5.64948564e+08 5.64061311e+08 5.64948564e+08
 5.67623862e+08 5.72127055e+08 5.78521885e+08 5.86891767e+08
 5.97333456e+08 6.09948255e+08 6.24830483e+08 6.42052999e+08
 6.61649936e+08 6.83597197e+08 7.07791900e+08 7.34032636e+08
 7.62003049e+08 7.91261627e+08 8.21240557e+08 8.51255813e+08
 8.80529379e+08 9.08222746e+08 9.33479119e+08 9.55470346e+08
 9.73444051e+08 9.86766703e+08 9.94959343e+08 9.97723932e+08
 9.94959343e+08 9.86766703e+08 9.73444051e+08 9.55470346e+08
 9.33479119e+08 9.08222746e+08 8.80529379e+08 8.51255813e+08
 8.21240557e+08 7.91261627e+08 7.62003049e+08 7.34032636e+08
 7.07791900e+08 6.83597197e+08 6.61649936e+08 6.42052999e+08
 6.24830483e+08 6.09948255e+08 5.97333456e+08 5.86891767e+08
 5.78521885e+08 5.72127055e+08 5.67623862e+08 5.64948564e+08
 5.64061311e+08]","[0.44766224 0.44763314 0.44748506 0.44704429 0.44604881 0.44418526
 0.44113295 0.43660841 0.43040407 0.42241611 0.4126583  0.40126155
 0.38846095 0.37457396 0.35997398 0.34506329 0.33024858 0.31592099
 0.3024414  0.29013089 0.27926567 0.27007536 0.26274354 0.25740957
 0.25417089 0.25308499 0.25417089 0.25740957 0.26274354 0.27007536
 0.27926567 0.29013089 0.3024414  0.31592099 0.33024858 0.34506329
 0.35997398 0.37457396 0.38846095 0.40126155 0.4126583  0.42241611
 0.43040407 0.43660841 0.44113295 0.44418526 0.44604881 0.44704429
 0.44748506 0.44763314 0.44766224 0.44763314 0.44748506 0.44704429
 0.44604881 0.44418526 0.44113295 0.43660841 0.43040407 0.42241611
 0.4126583  0.40126155 0.38846095 0.37457396 0.35997398 0.34506329
 0.33024858 0.31592099 0.3024414  0.29013089 0.27926567 0.27007536
 0.26274354 0.25740957 0.25417089 0.25308499 0.25417089 0.25740957
 0.26274354 0.27007536 0.27926567 0.29013089 0.3024414  0.31592099
 0.33024858 0.34506329 0.35997398 0.37457396 0.38846095 0.40126155
 0.4126583  0.42241611 0.43040407 0.43660841 0.44113295 0.44418526
 0.44604881 0.44704429 0.44748506 0.44763314 0.44766224]"
1946,C2v,50,50,0000000000000000000001111111100000000000000000000000000000000000000000011111111000000000000000000000000000000000000000000111111110000000000000000000000000000000000000000001111111100000000000000000000000000000000000000000011111111000000000000000000000000000000000000000000111111110000000000000000000000000000000000000000001111111100000000000000000000000000000000000000000011111111000000000000000000000000000000000000000000111111110000000000000000000000000000000000000000001111111100000000000000000000000000000000000000000011111111000000000000000000000000000000000010000001111111111000000100000000000000000000000001111111111111111111111111100000000000000000000000111111111111111111111111111100000000000000001111111111111111111111111111111111111111000000000011111111111111111111111111111111111111110000000011111111111111111111111111111111111111111111000000111111111111111111111111111111111111111111110000001111111111111111111111111111111111111111111100000011111111111111111111111111111111111111111111000000111111111111111111111111111111111111111111110000001111111111111111111111111111111111111111111100001111111111111111111111111111111111111111111111110111111111111111111111111111111111111111111111111111111111111111111111111111111111111111111111111111111111111111111111111111111111111111111111111111111111111111111111111111111111111111111111111111111110111111111111111111111111111111111111111111111111000011111111111111111111111111111111111111111111000000111111111111111111111111111111111111111111110000001111111111111111111111111111111111111111111100000011111111111111111111111111111111111111111111000000111111111111111111111111111111111111111111110000001111111111111111111111111111111111111111111100000000111111111111111111111111111111111111111100000000001111111111111111111111111111111111111111000000000000000011111111111111111111111111110000000000000000000000011111111111111111111111111000000000000000000000000010000001111111111000000100000000000000000000000000000000001111111100000000000000000000000000000000000000000011111111000000000000000000000000000000000000000000111111110000000000000000000000000000000000000000001111111100000000000000000000000000000000000000000011111111000000000000000000000000000000000000000000111111110000000000000000000000000000000000000000001111111100000000000000000000000000000000000000000011111111000000000000000000000000000000000000000000111111110000000000000000000000000000000000000000001111111100000000000000000000000000000000000000000011111111000000000000000000000,Plane Strain,471465496.6,49286218.78,422758643.6,0,0,32178940.41,1e-09,,2240000000,0.49253731,"[4.65719591e+08 4.62244716e+08 4.51792517e+08 4.34303171e+08
 4.09757675e+08 3.78312451e+08 3.40507542e+08 2.97545640e+08
 2.51596123e+08 2.06000625e+08 1.65172321e+08 1.33981607e+08
 1.16625073e+08 1.15362785e+08 1.29776535e+08 1.56989828e+08
 1.92690777e+08 2.32357046e+08 2.72142236e+08 3.09245680e+08
 3.41882975e+08 3.69061750e+08 3.90318794e+08 4.05496716e+08
 4.14582825e+08 4.17606344e+08 4.14582825e+08 4.05496716e+08
 3.90318794e+08 3.69061750e+08 3.41882975e+08 3.09245680e+08
 2.72142236e+08 2.32357046e+08 1.92690777e+08 1.56989828e+08
 1.29776535e+08 1.15362785e+08 1.16625073e+08 1.33981607e+08
 1.65172321e+08 2.06000625e+08 2.51596123e+08 2.97545640e+08
 3.40507542e+08 3.78312451e+08 4.09757675e+08 4.34303171e+08
 4.51792517e+08 4.62244716e+08 4.65719591e+08 4.62244716e+08
 4.51792517e+08 4.34303171e+08 4.09757675e+08 3.78312451e+08
 3.40507542e+08 2.97545640e+08 2.51596123e+08 2.06000625e+08
 1.65172321e+08 1.33981607e+08 1.16625073e+08 1.15362785e+08
 1.29776535e+08 1.56989828e+08 1.92690777e+08 2.32357046e+08
 2.72142236e+08 3.09245680e+08 3.41882975e+08 3.69061750e+08
 3.90318794e+08 4.05496716e+08 4.14582825e+08 4.17606344e+08
 4.14582825e+08 4.05496716e+08 3.90318794e+08 3.69061750e+08
 3.41882975e+08 3.09245680e+08 2.72142236e+08 2.32357046e+08
 1.92690777e+08 1.56989828e+08 1.29776535e+08 1.15362785e+08
 1.16625073e+08 1.33981607e+08 1.65172321e+08 2.06000625e+08
 2.51596123e+08 2.97545640e+08 3.40507542e+08 3.78312451e+08
 4.09757675e+08 4.34303171e+08 4.51792517e+08 4.62244716e+08
 4.65719591e+08]","[0.10453834 0.11075401 0.1294519  0.16075063 0.20472747 0.26121452
 0.32947455 0.40774317 0.49267495 0.57884206 0.65859712 0.72272671
 0.76217195 0.77051156 0.74614479 0.69292397 0.61882477 0.53346825
 0.44580438 0.36278136 0.28904834 0.22730248 0.17886535 0.1442315
 0.12348668 0.1165824  0.12348668 0.1442315  0.17886535 0.22730248
 0.28904834 0.36278136 0.44580438 0.53346825 0.61882477 0.69292397
 0.74614479 0.77051156 0.76217195 0.72272671 0.65859712 0.57884206
 0.49267495 0.40774317 0.32947455 0.26121452 0.20472747 0.16075063
 0.1294519  0.11075401 0.10453834 0.11075401 0.1294519  0.16075063
 0.20472747 0.26121452 0.32947455 0.40774317 0.49267495 0.57884206
 0.65859712 0.72272671 0.76217195 0.77051156 0.74614479 0.69292397
 0.61882477 0.53346825 0.44580438 0.36278136 0.28904834 0.22730248
 0.17886535 0.1442315  0.12348668 0.1165824  0.12348668 0.1442315
 0.17886535 0.22730248 0.28904834 0.36278136 0.44580438 0.53346825
 0.61882477 0.69292397 0.74614479 0.77051156 0.76217195 0.72272671
 0.65859712 0.57884206 0.49267495 0.40774317 0.32947455 0.26121452
 0.20472747 0.16075063 0.1294519  0.11075401 0.10453834]"
39777,C2v,50,50,1111111111111111111111111111111111111111111111111111111111111111111111111111111111111111111111111111111111111111111111111111111111111111111111111111111111111111111111111111111111111111111111111111111100111111111111111111111111111111111111111111111100001111111111111111111111111111111111111111111111000001111111111111111111111111111111111111111111100000001111111111111111111111111111111111111111110000000011111111111111111111111111111111111111111100000000000001111111111111111111111111111111100000000000000000011111111111111111111111111111111000000000000000000011111111111111111111111111111100000000000000000000111111111111111111111111111111000000000000000000001111111111111111111111111111110000000000000000000011111111111111111111111111111100000000000000000000111111111111111111111111111111000000000000000000001111111111111111111111111111110000000000000000000011111111111111111111111111111100000000000000000000111111111111111111111111111111000000000000000000001111111111111111111111111111110000000000000000000111111111111111111111111111111110000000000000000000111111111111111111111111111111000000000000000000000111111111111111111111111111100000000000000000000001111111111111111111111111111000000000000000000000011111111111111111111111111110000000000000000000000111111111111111111111111111100000000000000000000001111111111111111111111111111000000000000000000000011111111111111111111111111110000000000000000000001111111111111111111111111111110000000000000000000111111111111111111111111111111110000000000000000000111111111111111111111111111111000000000000000000001111111111111111111111111111110000000000000000000011111111111111111111111111111100000000000000000000111111111111111111111111111111000000000000000000001111111111111111111111111111110000000000000000000011111111111111111111111111111100000000000000000000111111111111111111111111111111000000000000000000001111111111111111111111111111110000000000000000000011111111111111111111111111111100000000000000000001111111111111111111111111111111100000000000000000011111111111111111111111111111111000000000000011111111111111111111111111111111111111111100000000111111111111111111111111111111111111111111000000011111111111111111111111111111111111111111111000001111111111111111111111111111111111111111111111000011111111111111111111111111111111111111111111110011111111111111111111111111111111111111111111111111111111111111111111111111111111111111111111111111111111111111111111111111111111111111111111111111111111111111111111111111111111111111111111111111111111,Plane Strain,649322629.3,183989629.7,1285973226.0,0,0,169260837.4,1e-09,,2240000000,0.49253731,"[6.22998455e+08 6.20874146e+08 6.14575324e+08 6.04334450e+08
 5.90572696e+08 5.73949893e+08 5.55431391e+08 5.36364567e+08
 5.18549323e+08 5.04274319e+08 4.96276111e+08 4.97568892e+08
 5.11101893e+08 5.39245804e+08 5.83192431e+08 6.42444390e+08
 7.14609137e+08 7.95634446e+08 8.80443731e+08 9.63753693e+08
 1.04079935e+09 1.10777735e+09 1.16196969e+09 1.20162887e+09
 1.22574983e+09 1.23383861e+09 1.22574983e+09 1.20162887e+09
 1.16196969e+09 1.10777735e+09 1.04079935e+09 9.63753693e+08
 8.80443731e+08 7.95634446e+08 7.14609137e+08 6.42444390e+08
 5.83192431e+08 5.39245804e+08 5.11101893e+08 4.97568892e+08
 4.96276111e+08 5.04274319e+08 5.18549323e+08 5.36364567e+08
 5.55431391e+08 5.73949893e+08 5.90572696e+08 6.04334450e+08
 6.14575324e+08 6.20874146e+08 6.22998455e+08 6.20874146e+08
 6.14575324e+08 6.04334450e+08 5.90572696e+08 5.73949893e+08
 5.55431391e+08 5.36364567e+08 5.18549323e+08 5.04274319e+08
 4.96276111e+08 4.97568892e+08 5.11101893e+08 5.39245804e+08
 5.83192431e+08 6.42444390e+08 7.14609137e+08 7.95634446e+08
 8.80443731e+08 9.63753693e+08 1.04079935e+09 1.10777735e+09
 1.16196969e+09 1.20162887e+09 1.22574983e+09 1.23383861e+09
 1.22574983e+09 1.20162887e+09 1.16196969e+09 1.10777735e+09
 1.04079935e+09 9.63753693e+08 8.80443731e+08 7.95634446e+08
 7.14609137e+08 6.42444390e+08 5.83192431e+08 5.39245804e+08
 5.11101893e+08 4.97568892e+08 4.96276111e+08 5.04274319e+08
 5.18549323e+08 5.36364567e+08 5.55431391e+08 5.73949893e+08
 5.90572696e+08 6.04334450e+08 6.14575324e+08 6.20874146e+08
 6.22998455e+08]","[0.28335626 0.2891798  0.30633134 0.33382089 0.36990445 0.41199632
 0.45665324 0.49972312 0.53673047 0.56349182 0.57683339 0.57518266
 0.55881209 0.52964699 0.49073511 0.44559286 0.39763619 0.34981042
 0.30443033 0.2631788  0.2271958  0.1972016  0.17361853 0.15667373
 0.14647708 0.14307423 0.14647708 0.15667373 0.17361853 0.1972016
 0.2271958  0.2631788  0.30443033 0.34981042 0.39763619 0.44559286
 0.49073511 0.52964699 0.55881209 0.57518266 0.57683339 0.56349182
 0.53673047 0.49972312 0.45665324 0.41199632 0.36990445 0.33382089
 0.30633134 0.2891798  0.28335626 0.2891798  0.30633134 0.33382089
 0.36990445 0.41199632 0.45665324 0.49972312 0.53673047 0.56349182
 0.57683339 0.57518266 0.55881209 0.52964699 0.49073511 0.44559286
 0.39763619 0.34981042 0.30443033 0.2631788  0.2271958  0.1972016
 0.17361853 0.15667373 0.14647708 0.14307423 0.14647708 0.15667373
 0.17361853 0.1972016  0.2271958  0.2631788  0.30443033 0.34981042
 0.39763619 0.44559286 0.49073511 0.52964699 0.55881209 0.57518266
 0.57683339 0.56349182 0.53673047 0.49972312 0.45665324 0.41199632
 0.36990445 0.33382089 0.30633134 0.2891798  0.28335626]"
64559,C2v,50,50,1111111111111111111111111111111111111111111111111111111111111111111111111111111111111111111111111111111111111111111111111111111111111111111111111111111111111111111111111111111111111111111111111111111111111111111111111111111111111111111111111111111111001111111111111111111111111111111111111111111111000011111111111111111111111111111111111111111111110000011111111111111111111111111111111111111111111000000111111111111111111111111111111111111111111110000000011111111111111111111111111111111111111110000000000111111111111111111111111111111111111111100000000001111111111111111111111111111111111111111000000000000111111111111111111111111111111111111000000000000001111111111111111111111111111111111110000000000000011111111111111111111111111111111111100000000000000100001111111111111111111111111100001000000000000000000001111111111111111111111110000000000000000000000000011111111111111111111111100000000000000000000000000111111111111111111111111000000000000000000000000000111111111111111111111100000000000000000000000000001111111111111111111111000000000000000000000000000011111111111111111111110000000000000000000000000000111111111111111111111100000000000000000000000000001111111111111111111111000000000000000000000000000011111111111111111111110000000000000000000000000000111111111111111111111100000000000000000000000000001111111111111111111111000000000000000000000000000011111111111111111111110000000000000000000000000000111111111111111111111100000000000000000000000000001111111111111111111111000000000000000000000000000011111111111111111111110000000000000000000000000001111111111111111111111110000000000000000000000000011111111111111111111111100000000000000000000000000111111111111111111111111000000000000000000001000011111111111111111111111111000010000000000000011111111111111111111111111111111111100000000000000111111111111111111111111111111111111000000000000001111111111111111111111111111111111110000000000001111111111111111111111111111111111111111000000000011111111111111111111111111111111111111110000000000111111111111111111111111111111111111111100000000111111111111111111111111111111111111111111110000001111111111111111111111111111111111111111111100000111111111111111111111111111111111111111111111100001111111111111111111111111111111111111111111111001111111111111111111111111111111111111111111111111111111111111111111111111111111111111111111111111111111111111111111111111111111111111111111111111111111111111111111111111111111111111111111111111111111111111111111111111111111111111111111111111111111111,Plane Strain,754911914.7,207914451.1,1102252332.0,0,0,212737660.0,1e-09,,2240000000,0.49253731,"[7.15693654e+08 7.13730442e+08 7.07929132e+08 6.98561139e+08
 6.86099270e+08 6.71244715e+08 6.54956448e+08 6.38472689e+08
 6.23309371e+08 6.11216720e+08 6.04075140e+08 6.03719483e+08
 6.11699333e+08 6.29010362e+08 6.55858287e+08 6.91526870e+08
 7.34401896e+08 7.82156372e+08 8.32048930e+08 8.81254398e+08
 9.27147636e+08 9.67492304e+08 1.00052575e+09 1.02496139e+09
 1.03994360e+09 1.04498947e+09 1.03994360e+09 1.02496139e+09
 1.00052575e+09 9.67492304e+08 9.27147636e+08 8.81254398e+08
 8.32048930e+08 7.82156372e+08 7.34401896e+08 6.91526870e+08
 6.55858287e+08 6.29010362e+08 6.11699333e+08 6.03719483e+08
 6.04075140e+08 6.11216720e+08 6.23309371e+08 6.38472689e+08
 6.54956448e+08 6.71244715e+08 6.86099270e+08 6.98561139e+08
 7.07929132e+08 7.13730442e+08 7.15693654e+08 7.13730442e+08
 7.07929132e+08 6.98561139e+08 6.86099270e+08 6.71244715e+08
 6.54956448e+08 6.38472689e+08 6.23309371e+08 6.11216720e+08
 6.04075140e+08 6.03719483e+08 6.11699333e+08 6.29010362e+08
 6.55858287e+08 6.91526870e+08 7.34401896e+08 7.82156372e+08
 8.32048930e+08 8.81254398e+08 9.27147636e+08 9.67492304e+08
 1.00052575e+09 1.02496139e+09 1.03994360e+09 1.04498947e+09
 1.03994360e+09 1.02496139e+09 1.00052575e+09 9.67492304e+08
 9.27147636e+08 8.81254398e+08 8.32048930e+08 7.82156372e+08
 7.34401896e+08 6.91526870e+08 6.55858287e+08 6.29010362e+08
 6.11699333e+08 6.03719483e+08 6.04075140e+08 6.11216720e+08
 6.23309371e+08 6.38472689e+08 6.54956448e+08 6.71244715e+08
 6.86099270e+08 6.98561139e+08 7.07929132e+08 7.13730442e+08
 7.15693654e+08]","[0.27541551 0.27883728 0.2889128  0.30506519 0.32631307 0.35125808
 0.37810046 0.40470971 0.42877176 0.44801584 0.46049423 0.46485708
 0.46054981 0.44787499 0.42790231 0.4022593  0.37286774 0.34169312
 0.31055397 0.28100777 0.254307   0.23140562 0.2129947  0.19954877
 0.19137063 0.18862691 0.19137063 0.19954877 0.2129947  0.23140562
 0.254307   0.28100777 0.31055397 0.34169312 0.37286774 0.4022593
 0.42790231 0.44787499 0.46054981 0.46485708 0.46049423 0.44801584
 0.42877176 0.40470971 0.37810046 0.35125808 0.32631307 0.30506519
 0.2889128  0.27883728 0.27541551 0.27883728 0.2889128  0.30506519
 0.32631307 0.35125808 0.37810046 0.40470971 0.42877176 0.44801584
 0.46049423 0.46485708 0.46054981 0.44787499 0.42790231 0.4022593
 0.37286774 0.34169312 0.31055397 0.28100777 0.254307   0.23140562
 0.2129947  0.19954877 0.19137063 0.18862691 0.19137063 0.19954877
 0.2129947  0.23140562 0.254307   0.28100777 0.31055397 0.34169312
 0.37286774 0.4022593  0.42790231 0.44787499 0.46054981 0.46485708
 0.46049423 0.44801584 0.42877176 0.40470971 0.37810046 0.35125808
 0.32631307 0.30506519 0.2889128  0.27883728 0.27541551]"
77352,C2v,50,50,0000000000000000000011111111110000000000000000000000000000000000000000111111111100000000000000000000000000000000000000001111111111000000000000000000000000000000000000000011111111110000000000000000000000000000000000000000111111111100000000000000000000000000000000001111111111111111111111000000000000000000000000000011111111111111111111110000000000000000000000000000111111111111111111111100000000000000111111111111111111111111111111111111111111111111111111111111111111111111111111111111111111111111111100001111111111111111111111111111111111111111110000000011111111111111111111111111111111111111111100000000111111111111111111111111111111111111111111000000000111111111111111111111111111111111111111100000000001111111111111111111111111111111111111111000000000011111111111111111111111111111111111111110000000000011111111111111111111111111111111111111000000000000000011111111111111111111111111111100000000000000000000111111111111111111111111111111000000000000000000001111111111111111111111111111110000000000000000000011111111111111001111111111111100000000000000000000111111111111100001111111111111000000000000000000001111111111111000011111111111110000000000000000000011111111111110000111111111111100000000000000000000111111111111100001111111111111000000000000000000001111111111111000011111111111110000000000000000000011111111111110000111111111111100000000000000000000111111111111100001111111111111000000000000000000001111111111111000011111111111110000000000000000000011111111111111001111111111111100000000000000000000111111111111111111111111111111000000000000000000001111111111111111111111111111110000000000000000000011111111111111111111111111111100000000000000001111111111111111111111111111111111111100000000000111111111111111111111111111111111111111100000000001111111111111111111111111111111111111111000000000011111111111111111111111111111111111111110000000001111111111111111111111111111111111111111110000000011111111111111111111111111111111111111111100000000111111111111111111111111111111111111111111000011111111111111111111111111111111111111111111111111111111111111111111111111111111111111111111111111110000000000000011111111111111111111110000000000000000000000000000111111111111111111111100000000000000000000000000001111111111111111111111000000000000000000000000000000000011111111110000000000000000000000000000000000000000111111111100000000000000000000000000000000000000001111111111000000000000000000000000000000000000000011111111110000000000000000000000000000000000000000111111111100000000000000000000,Plane Strain,300632869.6,18199719.06,583754841.7,0,0,22351237.73,1e-09,,2240000000,0.49253731,"[3.00065457e+08 2.97996286e+08 2.91773154e+08 2.81357767e+08
 2.66717131e+08 2.47878065e+08 2.25020266e+08 1.98623692e+08
 1.69683867e+08 1.39990283e+08 1.12410691e+08 9.10236919e+07
 8.08217464e+07 8.67004581e+07 1.11777294e+08 1.55752245e+08
 2.14444805e+08 2.81050168e+08 3.48373398e+08 4.10687740e+08
 4.64460609e+08 5.08110872e+08 5.41348902e+08 5.64525058e+08
 5.78158268e+08 5.82653067e+08 5.78158268e+08 5.64525058e+08
 5.41348902e+08 5.08110872e+08 4.64460609e+08 4.10687740e+08
 3.48373398e+08 2.81050168e+08 2.14444805e+08 1.55752245e+08
 1.11777294e+08 8.67004581e+07 8.08217464e+07 9.10236919e+07
 1.12410691e+08 1.39990283e+08 1.69683867e+08 1.98623692e+08
 2.25020266e+08 2.47878065e+08 2.66717131e+08 2.81357767e+08
 2.91773154e+08 2.97996286e+08 3.00065457e+08 2.97996286e+08
 2.91773154e+08 2.81357767e+08 2.66717131e+08 2.47878065e+08
 2.25020266e+08 1.98623692e+08 1.69683867e+08 1.39990283e+08
 1.12410691e+08 9.10236919e+07 8.08217464e+07 8.67004581e+07
 1.11777294e+08 1.55752245e+08 2.14444805e+08 2.81050168e+08
 3.48373398e+08 4.10687740e+08 4.64460609e+08 5.08110872e+08
 5.41348902e+08 5.64525058e+08 5.78158268e+08 5.82653067e+08
 5.78158268e+08 5.64525058e+08 5.41348902e+08 5.08110872e+08
 4.64460609e+08 4.10687740e+08 3.48373398e+08 2.81050168e+08
 2.14444805e+08 1.55752245e+08 1.11777294e+08 8.67004581e+07
 8.08217464e+07 9.10236919e+07 1.12410691e+08 1.39990283e+08
 1.69683867e+08 1.98623692e+08 2.25020266e+08 2.47878065e+08
 2.66717131e+08 2.81357767e+08 2.91773154e+08 2.97996286e+08
 3.00065457e+08]","[0.06053802 0.07088647 0.10202334 0.15410229 0.22695165 0.31936491
 0.42804963 0.5463988  0.66363615 0.76532698 0.8361624  0.86464646
 0.84734809 0.78989378 0.70410823 0.60348146 0.499608   0.40066992
 0.31152708 0.23453303 0.17044192 0.11913127 0.0800923  0.05273047
 0.03653654 0.03117699 0.03653654 0.05273047 0.0800923  0.11913127
 0.17044192 0.23453303 0.31152708 0.40066992 0.499608   0.60348146
 0.70410823 0.78989378 0.84734809 0.86464646 0.8361624  0.76532698
 0.66363615 0.5463988  0.42804963 0.31936491 0.22695165 0.15410229
 0.10202334 0.07088647 0.06053802 0.07088647 0.10202334 0.15410229
 0.22695165 0.31936491 0.42804963 0.5463988  0.66363615 0.76532698
 0.8361624  0.86464646 0.84734809 0.78989378 0.70410823 0.60348146
 0.499608   0.40066992 0.31152708 0.23453303 0.17044192 0.11913127
 0.0800923  0.05273047 0.03653654 0.03117699 0.03653654 0.05273047
 0.0800923  0.11913127 0.17044192 0.23453303 0.31152708 0.40066992
 0.499608   0.60348146 0.70410823 0.78989378 0.84734809 0.86464646
 0.8361624  0.76532698 0.66363615 0.5463988  0.42804963 0.31936491
 0.22695165 0.15410229 0.10202334 0.07088647 0.06053802]"
414,C2v,50,50,0000000000001111111111111111111111111100000000000000000000000011111111111111111111111111000000000000000000000000111111111000000001111111110000000000000000000000001111111110000000011111111100000000000000000000000011111111100000000111111111000000000000000000000001111111100000000000011111111000000000000000000000011111111000000000000111111110000000000000001111000111111110000000000001111111100011110000000011110001111100000000000000000011111000111100000000111100011111000000000000000000111110001111000000011111001111110000000000000000001111110011111000000111110011111100000000000000000011111100111110000001111100111111000000000000000000111111001111100000011111001111110000000000000000001111110011111000001111111111111100000000000000000011111111111111000011111111111110000000000000000000011111111111110000111111111111100000000000000000000111111111111100011111111111111000000000000000000001111111111111100111111111111100000000000000000000001111111111111001111111111111000000000000000000000011111111111110111111111111110000000000000000000000111111111111111111111111111100000000000000000000001111111111111111111111111111000000000000000000000011111111111111111111111111110000000000000000000000111111111111111111111111111000000000000000000000000111111111111111111111111110000000000000000000000001111111111111111111111111110000000000000000000000111111111111111111111111111100000000000000000000001111111111111111111111111111000000000000000000000011111111111111111111111111110000000000000000000000111111111111110111111111111100000000000000000000001111111111111001111111111111000000000000000000000011111111111110011111111111111000000000000000000001111111111111100011111111111110000000000000000000011111111111110000111111111111100000000000000000000111111111111100001111111111111100000000000000000011111111111111000001111100111111000000000000000000111111001111100000011111001111110000000000000000001111110011111000000111110011111100000000000000000011111100111110000001111100111111000000000000000000111111001111100000001111000111110000000000000000001111100011110000000011110001111100000000000000000011111000111100000000111100011111111000000000000111111110001111000000000000000111111110000000000001111111100000000000000000000001111111100000000000011111111000000000000000000000001111111110000000011111111100000000000000000000000011111111100000000111111111000000000000000000000000111111111000000001111111110000000000000000000000001111111111111111111111111100000000000000000000000011111111111111111111111111000000000000,Plane Strain,94186220.53,116144005.4,446026938.3,0,0,48295485.71,1e-09,,2240000000,0.49253731,"[6.39426885e+07 6.45180324e+07 6.62456356e+07 6.91300030e+07
 7.31779306e+07 7.83973908e+07 8.47958831e+07 9.23781634e+07
 1.01143253e+08 1.11080621e+08 1.22165451e+08 1.34352951e+08
 1.47571738e+08 1.61716496e+08 1.76640316e+08 1.92147401e+08
 2.07987208e+08 2.23851401e+08 2.39375291e+08 2.54145416e+08
 2.67714489e+08 2.79624026e+08 2.89433464e+08 2.96752992e+08
 3.01275937e+08 3.02806094e+08 3.01275937e+08 2.96752992e+08
 2.89433464e+08 2.79624026e+08 2.67714489e+08 2.54145416e+08
 2.39375291e+08 2.23851401e+08 2.07987208e+08 1.92147401e+08
 1.76640316e+08 1.61716496e+08 1.47571738e+08 1.34352951e+08
 1.22165451e+08 1.11080621e+08 1.01143253e+08 9.23781634e+07
 8.47958831e+07 7.83973908e+07 7.31779306e+07 6.91300030e+07
 6.62456356e+07 6.45180324e+07 6.39426885e+07 6.45180324e+07
 6.62456356e+07 6.91300030e+07 7.31779306e+07 7.83973908e+07
 8.47958831e+07 9.23781634e+07 1.01143253e+08 1.11080621e+08
 1.22165451e+08 1.34352951e+08 1.47571738e+08 1.61716496e+08
 1.76640316e+08 1.92147401e+08 2.07987208e+08 2.23851401e+08
 2.39375291e+08 2.54145416e+08 2.67714489e+08 2.79624026e+08
 2.89433464e+08 2.96752992e+08 3.01275937e+08 3.02806094e+08
 3.01275937e+08 2.96752992e+08 2.89433464e+08 2.79624026e+08
 2.67714489e+08 2.54145416e+08 2.39375291e+08 2.23851401e+08
 2.07987208e+08 1.92147401e+08 1.76640316e+08 1.61716496e+08
 1.47571738e+08 1.34352951e+08 1.22165451e+08 1.11080621e+08
 1.01143253e+08 9.23781634e+07 8.47958831e+07 7.83973908e+07
 7.31779306e+07 6.91300030e+07 6.62456356e+07 6.45180324e+07
 6.39426885e+07]","[1.23313161 1.22572736 1.20399609 1.16929715 1.12364297 1.0694083
 1.00905169 0.94490053 0.87901644 0.81313244 0.74864235 0.68662269
 0.6278716  0.57295393 0.52224649 0.47597953 0.43427313 0.39716786
 0.3646499  0.33667115 0.31316505 0.29405866 0.27928186 0.26877399
 0.26248866 0.26039684 0.26248866 0.26877399 0.27928186 0.29405866
 0.31316505 0.33667115 0.3646499  0.39716786 0.43427313 0.47597953
 0.52224649 0.57295393 0.6278716  0.68662269 0.74864235 0.81313244
 0.87901644 0.94490053 1.00905169 1.0694083  1.12364297 1.16929715
 1.20399609 1.22572736 1.23313161 1.22572736 1.20399609 1.16929715
 1.12364297 1.0694083  1.00905169 0.94490053 0.87901644 0.81313244
 0.74864235 0.68662269 0.6278716  0.57295393 0.52224649 0.47597953
 0.43427313 0.39716786 0.3646499  0.33667115 0.31316505 0.29405866
 0.27928186 0.26877399 0.26248866 0.26039684 0.26248866 0.26877399
 0.27928186 0.29405866 0.31316505 0.33667115 0.3646499  0.39716786
 0.43427313 0.47597953 0.52224649 0.57295393 0.6278716  0.68662269
 0.74864235 0.81313244 0.87901644 0.94490053 1.00905169 1.0694083
 1.12364297 1.16929715 1.20399609 1.22572736 1.23313161]"
53600,C2v,50,50,0000000000000000000001111111100000000000000000000000000000000000000000011111111000000000000000000000000000000000000000000111111110000000000000000000000000000000000000000001111111100000000000000000000000000000000000000000111111111100000000000000000000000000000000000000001111111111000000000000000000000000000000000000000011111111110000000000000000000000000000000011111111111111111111111111000000000000000000000000111111111111111111111111110000000000000000000000001111111111111111111111111100000000000000000000000011111111111111111111111111000000000000000000000001111111111111111111111111111000000000001111111111111111111111111111111111111111111111111111111111111111111111111100111111111111111111111111111111111111111111111110000111111111111111111111111111111111111111111111100001111111111111111111111111111111111111111111111000011111111111111111111111111111111111111111111110000111111111111111111111110111111111111111111111100001111111111111111111111000111111111111111111111000011111111111111111111100001111111111111111111110000111111111111111111111000011111111111111111111100001111111111111111111110000111111111111111111111000011111111111111111111100001111111111111111111110000111111111111111111111000011111111111111111111100001111111111111111111110000111111111111111111111000011111111111111111111100001111111111111111111110000111111111111111111111000011111111111111111111100001111111111111111111110000111111111111111111111000011111111111111111111100001111111111111111111110000111111111111111111111000011111111111111111111100001111111111111111111110001111111111111111111111000011111111111111111111110111111111111111111111110000111111111111111111111111111111111111111111111100001111111111111111111111111111111111111111111111000011111111111111111111111111111111111111111111110000111111111111111111111111111111111111111111111110011111111111111111111111111111111111111111111111111111111111111111111111111000000000001111111111111111111111111111000000000000000000000001111111111111111111111111100000000000000000000000011111111111111111111111111000000000000000000000000111111111111111111111111110000000000000000000000001111111111111111111111111100000000000000000000000000000000111111111100000000000000000000000000000000000000001111111111000000000000000000000000000000000000000011111111110000000000000000000000000000000000000000011111111000000000000000000000000000000000000000000111111110000000000000000000000000000000000000000001111111100000000000000000000000000000000000000000011111111000000000000000000000,Plane Strain,536221080.8,166735541.4,477362155.6,0,0,86486920.2,1e-09,,2240000000,0.49253731,"[4.77982822e+08 4.75383947e+08 4.67671200e+08 4.55104917e+08
 4.38146066e+08 4.17489821e+08 3.94097415e+08 3.69209732e+08
 3.44322368e+08 3.21103386e+08 3.01245641e+08 2.86266354e+08
 2.77291867e+08 2.74882972e+08 2.78952798e+08 2.88802074e+08
 3.03257565e+08 3.20868407e+08 3.40105930e+08 3.59524998e+08
 3.77867580e+08 3.94110110e+08 4.07468492e+08 4.17378184e+08
 4.23464812e+08 4.25516486e+08 4.23464812e+08 4.17378184e+08
 4.07468492e+08 3.94110110e+08 3.77867580e+08 3.59524998e+08
 3.40105930e+08 3.20868407e+08 3.03257565e+08 2.88802074e+08
 2.78952798e+08 2.74882972e+08 2.77291867e+08 2.86266354e+08
 3.01245641e+08 3.21103386e+08 3.44322368e+08 3.69209732e+08
 3.94097415e+08 4.17489821e+08 4.38146066e+08 4.55104917e+08
 4.67671200e+08 4.75383947e+08 4.77982822e+08 4.75383947e+08
 4.67671200e+08 4.55104917e+08 4.38146066e+08 4.17489821e+08
 3.94097415e+08 3.69209732e+08 3.44322368e+08 3.21103386e+08
 3.01245641e+08 2.86266354e+08 2.77291867e+08 2.74882972e+08
 2.78952798e+08 2.88802074e+08 3.03257565e+08 3.20868407e+08
 3.40105930e+08 3.59524998e+08 3.77867580e+08 3.94110110e+08
 4.07468492e+08 4.17378184e+08 4.23464812e+08 4.25516486e+08
 4.23464812e+08 4.17378184e+08 4.07468492e+08 3.94110110e+08
 3.77867580e+08 3.59524998e+08 3.40105930e+08 3.20868407e+08
 3.03257565e+08 2.88802074e+08 2.78952798e+08 2.74882972e+08
 2.77291867e+08 2.86266354e+08 3.01245641e+08 3.21103386e+08
 3.44322368e+08 3.69209732e+08 3.94097415e+08 4.17489821e+08
 4.38146066e+08 4.55104917e+08 4.67671200e+08 4.75383947e+08
 4.77982822e+08]","[0.31094552 0.31429803 0.32426454 0.34056107 0.36267963 0.38984164
 0.42094575 0.45452615 0.48874436 0.52144183 0.55027707 0.57295426
 0.58751992 0.59266856 0.58797592 0.57398676 0.55212716 0.52446926
 0.49342121 0.46142447 0.43071945 0.4032037  0.38037547 0.36333759
 0.35283271 0.34928521 0.35283271 0.36333759 0.38037547 0.4032037
 0.43071945 0.46142447 0.49342121 0.52446926 0.55212716 0.57398676
 0.58797592 0.59266856 0.58751992 0.57295426 0.55027707 0.52144183
 0.48874436 0.45452615 0.42094575 0.38984164 0.36267963 0.34056107
 0.32426454 0.31429803 0.31094552 0.31429803 0.32426454 0.34056107
 0.36267963 0.38984164 0.42094575 0.45452615 0.48874436 0.52144183
 0.55027707 0.57295426 0.58751992 0.59266856 0.58797592 0.57398676
 0.55212716 0.52446926 0.49342121 0.46142447 0.43071945 0.4032037
 0.38037547 0.36333759 0.35283271 0.34928521 0.35283271 0.36333759
 0.38037547 0.4032037  0.43071945 0.46142447 0.49342121 0.52446926
 0.55212716 0.57398676 0.58797592 0.59266856 0.58751992 0.57295426
 0.55027707 0.52144183 0.48874436 0.45452615 0.42094575 0.38984164
 0.36267963 0.34056107 0.32426454 0.31429803 0.31094552]"
25342,C2v,50,50,0000111111111111111111111111111111111111111111000000001111111111111111111111111111111111111111110000000001111110011111111111111111111111100111111000000000011111000011111111111111111111110000111110000000000011110000111111111111111111111100001111000000000000100100001111111111111111111111000010010000000000000000000011111111111111111111110000000000000000000000000001111111111111111111111110000000000000000000000000111111111111111111111111110000000000000000000000001111111111111111111111111100000000000000000000000011111111111111111111111111000000000000000111001111111111111111111111111111111111001110000001110011111111111111111111111111111111110011100000011100111111111111111111111111111111111100111000001111111111111111111111111111111111111111111111001111111111111111111111111111111111111111111111111111001111111111111111111111111111111111111111110011110011111111111111111111111111111111111111111100111100111111111111111111111111111111111111111111001100000111111111111111111111111111111111111111100000000000111111111111111111111111111111111111110000000000001111111111111111111111111111111111111100000000000011111111111111111111111111111111111111000000000000011111111111111111111111111111111111100000000000000111111111111111111111111111111111111000000000000001111111111111111111111111111111111110000000000000011111111111111111111111111111111111100000000000001111111111111111111111111111111111111100000000000011111111111111111111111111111111111111000000000000111111111111111111111111111111111111110000000000011111111111111111111111111111111111111110000011001111111111111111111111111111111111111111110011110011111111111111111111111111111111111111111100111100111111111111111111111111111111111111111111001111111111111111111111111111111111111111111111111111001111111111111111111111111111111111111111111111000001110011111111111111111111111111111111110011100000011100111111111111111111111111111111111100111000000111001111111111111111111111111111111111001110000000000000001111111111111111111111111100000000000000000000000011111111111111111111111111000000000000000000000000111111111111111111111111110000000000000000000000000111111111111111111111111000000000000000000000000000111111111111111111111100000000000000000000100100001111111111111111111111000010010000000000001111000011111111111111111111110000111100000000000111110000111111111111111111111100001111100000000001111110011111111111111111111111100111111000000000111111111111111111111111111111111111111111000000001111111111111111111111111111111111111111110000,Plane Strain,328080041.4,68580111.46,1053803408.0,0,0,24562438.29,1e-09,,2240000000,0.49253731,"[3.23616940e+08 3.21334980e+08 3.14484196e+08 3.03058146e+08
 2.87075619e+08 2.66631929e+08 2.41985419e+08 2.13694624e+08
 1.82824466e+08 1.51234943e+08 1.21940008e+08 9.94556343e+07
 8.99240539e+07 1.00632283e+08 1.38499877e+08 2.07514398e+08
 3.06084645e+08 4.26142468e+08 5.55179159e+08 6.80226895e+08
 7.91325537e+08 8.82838409e+08 9.52815252e+08 1.00152638e+09
 1.03007828e+09 1.03946779e+09 1.03007828e+09 1.00152638e+09
 9.52815252e+08 8.82838409e+08 7.91325537e+08 6.80226895e+08
 5.55179159e+08 4.26142468e+08 3.06084645e+08 2.07514398e+08
 1.38499877e+08 1.00632283e+08 8.99240539e+07 9.94556343e+07
 1.21940008e+08 1.51234943e+08 1.82824466e+08 2.13694624e+08
 2.41985419e+08 2.66631929e+08 2.87075619e+08 3.03058146e+08
 3.14484196e+08 3.21334980e+08 3.23616940e+08 3.21334980e+08
 3.14484196e+08 3.03058146e+08 2.87075619e+08 2.66631929e+08
 2.41985419e+08 2.13694624e+08 1.82824466e+08 1.51234943e+08
 1.21940008e+08 9.94556343e+07 8.99240539e+07 1.00632283e+08
 1.38499877e+08 2.07514398e+08 3.06084645e+08 4.26142468e+08
 5.55179159e+08 6.80226895e+08 7.91325537e+08 8.82838409e+08
 9.52815252e+08 1.00152638e+09 1.03007828e+09 1.03946779e+09
 1.03007828e+09 1.00152638e+09 9.52815252e+08 8.82838409e+08
 7.91325537e+08 6.80226895e+08 5.55179159e+08 4.26142468e+08
 3.06084645e+08 2.07514398e+08 1.38499877e+08 1.00632283e+08
 8.99240539e+07 9.94556343e+07 1.21940008e+08 1.51234943e+08
 1.82824466e+08 2.13694624e+08 2.41985419e+08 2.66631929e+08
 2.87075619e+08 3.03058146e+08 3.14484196e+08 3.21334980e+08
 3.23616940e+08]","[0.2090347  0.22387777 0.26823785 0.34132351 0.44086584 0.56175905
 0.6945552  0.82472307 0.93402752 1.00481525 1.02586759 0.9963662
 0.92526004 0.8268036  0.71548245 0.60282228 0.49647436 0.40071829
 0.31744507 0.2470826  0.18928101 0.14335787 0.10856341 0.084228
 0.06983912 0.06507866 0.06983912 0.084228   0.10856341 0.14335787
 0.18928101 0.2470826  0.31744507 0.40071829 0.49647436 0.60282228
 0.71548245 0.8268036  0.92526004 0.9963662  1.02586759 1.00481525
 0.93402752 0.82472307 0.6945552  0.56175905 0.44086584 0.34132351
 0.26823785 0.22387777 0.2090347  0.22387777 0.26823785 0.34132351
 0.44086584 0.56175905 0.6945552  0.82472307 0.93402752 1.00481525
 1.02586759 0.9963662  0.92526004 0.8268036  0.71548245 0.60282228
 0.49647436 0.40071829 0.31744507 0.2470826  0.18928101 0.14335787
 0.10856341 0.084228   0.06983912 0.06507866 0.06983912 0.084228
 0.10856341 0.14335787 0.18928101 0.2470826  0.31744507 0.40071829
 0.49647436 0.60282228 0.71548245 0.8268036  0.92526004 0.9963662
 1.02586759 1.00481525 0.93402752 0.82472307 0.6945552  0.56175905
 0.44086584 0.34132351 0.26823785 0.22387777 0.2090347 ]"
44009,C2v,50,50,1111100000000011111111111111111111110000000001111111111000000000111111111111111111111100000000011111011110000000001111111111111111111111000000000111100111100000000011111111111111111111110000000001111001111100000001111111111111111111111110000000111110001111111111111111111111111111111111111111111111000000111111111111111111111111111111111111111111000000001111111111111111111111111111111111111111110000000011111111111111111111111111111111111111111100000000000111111111111111111111111111111111111000000000000001111111111111111111111111111111111110000000000000011111111111111111111111111111111111100000000000000000000011111111111111111111110000000000000000000000000000111111111111111111111100000000000000000000000000001111111111111111111111000000000000000000000000000011111111111111111111110000000000000000000000000000111111111111111111111100000000000000000000000000011111111111111111111111100000000000000000000000000111111111111111111111111000000000000000000000000001111111111111111111111110000000000000000000000000011111111111111111111111100000000000000000000000000111111111111111111111111000000000000000000000000001111111111111111111111110000000000000000000000000011111111111111111111111100000000000000000000000001111111111111111111111111100000000000000000000000011111111111111111111111111000000000000000000000000011111111111111111111111100000000000000000000000000111111111111111111111111000000000000000000000000001111111111111111111111110000000000000000000000000011111111111111111111111100000000000000000000000000111111111111111111111111000000000000000000000000001111111111111111111111110000000000000000000000000011111111111111111111111100000000000000000000000000011111111111111111111110000000000000000000000000000111111111111111111111100000000000000000000000000001111111111111111111111000000000000000000000000000011111111111111111111110000000000000000000000000000111111111111111111111100000000000000000000011111111111111111111111111111111111100000000000000111111111111111111111111111111111111000000000000001111111111111111111111111111111111110000000000011111111111111111111111111111111111111111100000000111111111111111111111111111111111111111111000000001111111111111111111111111111111111111111110000001111111111111111111111111111111111111111111111000111110000000111111111111111111111111000000011111001111000000000111111111111111111111100000000011110011110000000001111111111111111111111000000000111101111100000000011111111111111111111110000000001111111111000000000111111111111111111111100000000011111,Plane Strain,197611145.3,64378262.37,944171580.1,0,0,91125168.27,1e-09,,2240000000,0.49253731,"[1.93221519e+08 1.93236191e+08 1.93309320e+08 1.93531016e+08
 1.94060824e+08 1.95142230e+08 1.97123685e+08 2.00486233e+08
 2.05876724e+08 2.14142949e+08 2.26362107e+08 2.43845787e+08
 2.68093361e+08 3.00654678e+08 3.42862501e+08 3.95423363e+08
 4.57930037e+08 5.28467968e+08 6.03559387e+08 6.78611417e+08
 7.48780557e+08 8.09897168e+08 8.59048125e+08 8.94640414e+08
 9.16061162e+08 9.23198266e+08 9.16061162e+08 8.94640414e+08
 8.59048125e+08 8.09897168e+08 7.48780557e+08 6.78611417e+08
 6.03559387e+08 5.28467968e+08 4.57930037e+08 3.95423363e+08
 3.42862501e+08 3.00654678e+08 2.68093361e+08 2.43845787e+08
 2.26362107e+08 2.14142949e+08 2.05876724e+08 2.00486233e+08
 1.97123685e+08 1.95142230e+08 1.94060824e+08 1.93531016e+08
 1.93309320e+08 1.93236191e+08 1.93221519e+08 1.93236191e+08
 1.93309320e+08 1.93531016e+08 1.94060824e+08 1.95142230e+08
 1.97123685e+08 2.00486233e+08 2.05876724e+08 2.14142949e+08
 2.26362107e+08 2.43845787e+08 2.68093361e+08 3.00654678e+08
 3.42862501e+08 3.95423363e+08 4.57930037e+08 5.28467968e+08
 6.03559387e+08 6.78611417e+08 7.48780557e+08 8.09897168e+08
 8.59048125e+08 8.94640414e+08 9.16061162e+08 9.23198266e+08
 9.16061162e+08 8.94640414e+08 8.59048125e+08 8.09897168e+08
 7.48780557e+08 6.78611417e+08 6.03559387e+08 5.28467968e+08
 4.57930037e+08 3.95423363e+08 3.42862501e+08 3.00654678e+08
 2.68093361e+08 2.43845787e+08 2.26362107e+08 2.14142949e+08
 2.05876724e+08 2.00486233e+08 1.97123685e+08 1.95142230e+08
 1.94060824e+08 1.93531016e+08 1.93309320e+08 1.93236191e+08
 1.93221519e+08]","[0.32578255 0.33799229 0.37331353 0.42778494 0.49480651 0.56552851
 0.6299365  0.67864682 0.70490732 0.70596288 0.68317511 0.64096507
 0.58521603 0.52183632 0.45585805 0.39108705 0.33013116 0.27461269
 0.22542826 0.18298455 0.1473843  0.11856142 0.09637371 0.08066368
 0.07129692 0.06818492 0.07129692 0.08066368 0.09637371 0.11856142
 0.1473843  0.18298455 0.22542826 0.27461269 0.33013116 0.39108705
 0.45585805 0.52183632 0.58521603 0.64096507 0.68317511 0.70596288
 0.70490732 0.67864682 0.6299365  0.56552851 0.49480651 0.42778494
 0.37331353 0.33799229 0.32578255 0.33799229 0.37331353 0.42778494
 0.49480651 0.56552851 0.6299365  0.67864682 0.70490732 0.70596288
 0.68317511 0.64096507 0.58521603 0.52183632 0.45585805 0.39108705
 0.33013116 0.27461269 0.22542826 0.18298455 0.1473843  0.11856142
 0.09637371 0.08066368 0.07129692 0.06818492 0.07129692 0.08066368
 0.09637371 0.11856142 0.1473843  0.18298455 0.22542826 0.27461269
 0.33013116 0.39108705 0.45585805 0.52183632 0.58521603 0.64096507
 0.68317511 0.70596288 0.70490732 0.67864682 0.6299365  0.56552851
 0.49480651 0.42778494 0.37331353 0.33799229 0.32578255]"
69730,C2v,50,50,0000000000001111111111111111111111111100000000000000000000000011111111111111111111111111000000000000000000000000111111111111111111111111110000000000000000000000001111111111111111111111111100000000000000000000000011111111111111111111111111000000000000000000000000111111111111111111111111110000000000000000000000001111111111111111111111111100000000000000000000000011111111111111111111111111000000000000000000000000111111111111111111111111110000000000000000010000011111111111111111111111111110000010000000001111111111111111111111111111111111111111110000000011111111111111111111111111111111111111111100000000111111111111111111111111111111111111111111000000001111111111111111111111111111111111111111110000000011111111111111111111111111111111111111111100000000111111111111111111111111111111111111111111000000001111111111111111111111111111111111111111110000111111111111111111111111111111111111111111111111111111111111111111111111111111111111111111111111111111111111111111111111111111111111111111111111111111111111111111111111111111111111111111111111111111111111111111111111111111111111111111111111111111111111111111111111111111111111111111111111111111111111111111111111111111111111111111111111111111111111111111111111111111111111111111111111111111111111111111111111111111111111111111111111111111111111111111111111111111111111111111111111111111111111111111111111111111111111111111111111111111111111111111111111111111111111111111111111111111111111111111111111111111111111111111111111111111111111111111111111111111111111111111111111111111111111111111111111111111111111111111111111111111111111111111111111111111111111111111111111111111111111111111111111111111110000111111111111111111111111111111111111111111000000001111111111111111111111111111111111111111110000000011111111111111111111111111111111111111111100000000111111111111111111111111111111111111111111000000001111111111111111111111111111111111111111110000000011111111111111111111111111111111111111111100000000111111111111111111111111111111111111111111000000000100000111111111111111111111111111100000100000000000000000111111111111111111111111110000000000000000000000001111111111111111111111111100000000000000000000000011111111111111111111111111000000000000000000000000111111111111111111111111110000000000000000000000001111111111111111111111111100000000000000000000000011111111111111111111111111000000000000000000000000111111111111111111111111110000000000000000000000001111111111111111111111111100000000000000000000000011111111111111111111111111000000000000,Plane Strain,948680275.8,271982077.7,1243946601.0,0,0,257025710.9,1e-09,,2240000000,0.49253731,"[8.89212891e+08 8.86693809e+08 8.79248711e+08 8.67220742e+08
 8.51202698e+08 8.32063114e+08 8.10971457e+08 7.89409646e+08
 7.69152870e+08 7.52200660e+08 7.40642504e+08 7.36454195e+08
 7.41242224e+08 7.55979331e+08 7.80793691e+08 8.14874045e+08
 8.56526867e+08 9.03376979e+08 9.52659962e+08 1.00153316e+09
 1.04733941e+09 1.08778562e+09 1.12103051e+09 1.14569997e+09
 1.16085925e+09 1.16597065e+09 1.16085925e+09 1.14569997e+09
 1.12103051e+09 1.08778562e+09 1.04733941e+09 1.00153316e+09
 9.52659962e+08 9.03376979e+08 8.56526867e+08 8.14874045e+08
 7.80793691e+08 7.55979331e+08 7.41242224e+08 7.36454195e+08
 7.40642504e+08 7.52200660e+08 7.69152870e+08 7.89409646e+08
 8.10971457e+08 8.32063114e+08 8.51202698e+08 8.67220742e+08
 8.79248711e+08 8.86693809e+08 8.89212891e+08 8.86693809e+08
 8.79248711e+08 8.67220742e+08 8.51202698e+08 8.32063114e+08
 8.10971457e+08 7.89409646e+08 7.69152870e+08 7.52200660e+08
 7.40642504e+08 7.36454195e+08 7.41242224e+08 7.55979331e+08
 7.80793691e+08 8.14874045e+08 8.56526867e+08 9.03376979e+08
 9.52659962e+08 1.00153316e+09 1.04733941e+09 1.08778562e+09
 1.12103051e+09 1.14569997e+09 1.16085925e+09 1.16597065e+09
 1.16085925e+09 1.14569997e+09 1.12103051e+09 1.08778562e+09
 1.04733941e+09 1.00153316e+09 9.52659962e+08 9.03376979e+08
 8.56526867e+08 8.14874045e+08 7.80793691e+08 7.55979331e+08
 7.41242224e+08 7.36454195e+08 7.40642504e+08 7.52200660e+08
 7.69152870e+08 7.89409646e+08 8.10971457e+08 8.32063114e+08
 8.51202698e+08 8.67220742e+08 8.79248711e+08 8.86693809e+08
 8.89212891e+08]","[0.2866952  0.28965267 0.29836806 0.31236522 0.33083705 0.35263731
 0.37629214 0.40005041 0.42198936 0.44018062 0.45290258 0.45886239
 0.45737635 0.44846023 0.43280464 0.41164509 0.38656599 0.35929001
 0.33149672 0.30469504 0.28015416 0.25888317 0.24164338 0.22897769
 0.22124407 0.2186445  0.22124407 0.22897769 0.24164338 0.25888317
 0.28015416 0.30469504 0.33149672 0.35929001 0.38656599 0.41164509
 0.43280464 0.44846023 0.45737635 0.45886239 0.45290258 0.44018062
 0.42198936 0.40005041 0.37629214 0.35263731 0.33083705 0.31236522
 0.29836806 0.28965267 0.2866952  0.28965267 0.29836806 0.31236522
 0.33083705 0.35263731 0.37629214 0.40005041 0.42198936 0.44018062
 0.45290258 0.45886239 0.45737635 0.44846023 0.43280464 0.41164509
 0.38656599 0.35929001 0.33149672 0.30469504 0.28015416 0.25888317
 0.24164338 0.22897769 0.22124407 0.2186445  0.22124407 0.22897769
 0.24164338 0.25888317 0.28015416 0.30469504 0.33149672 0.35929001
 0.38656599 0.41164509 0.43280464 0.44846023 0.45737635 0.45886239
 0.45290258 0.44018062 0.42198936 0.40005041 0.37629214 0.35263731
 0.33083705 0.31236522 0.29836806 0.28965267 0.2866952 ]"
8530,C2v,50,50,1100000000000000000000000000000000000000000000001111100000000000000000000000000000000000000000000111011000000000000000000000000000000000000000000001100011000000000000000000000000000000000000000000110000111100000000000000000000000000000000000000111100001111111000000000000000000000000000000001111111000011111111000000000000000000000000000000111111110000011111111000000000000000000000000000011111111000000011111110000000000000000000000000000111111100000000111100000000000000000000000000000000001111000000000111000000000000000000000000000000000011100000000001110000000000000000000000000000000000111000000000011100000000000000000000000000000000001110000000000111111111110110000000000001101111111111100000000001111111111111100000000000011111111111111000000000011111111111111110000000011111111111111110000000001111111111111111110000001111111111111111110000000000111111111111111110000111111111111111110000000000001111111111111111100001111111111111111100000000000011111001111111111100111111111110011111000000000011100000000011111111001111111100000000011100000000010000000000001111111111111100000000000010000000000000000000000001111111111110000000000000000000000000000000000000011111111111100000000000000000000000000000000000000001111111100000000000000000000000000000000000000000011111111000000000000000000000000000000000000000011111111111100000000000000000000000000000000000000111111111111000000000000000000000000100000000000011111111111111000000000000100000000011100000000011111111001111111100000000011100000000001111100111111111110011111111111001111100000000000011111111111111111000011111111111111111000000000000111111111111111110000111111111111111110000000000111111111111111111000000111111111111111111000000000111111111111111100000000111111111111111100000000001111111111111100000000000011111111111111000000000011111111111011000000000000110111111111110000000000111000000000000000000000000000000000011100000000001110000000000000000000000000000000000111000000000011100000000000000000000000000000000001110000000001111000000000000000000000000000000000011110000000011111110000000000000000000000000000111111100000001111111100000000000000000000000000001111111100000111111110000000000000000000000000000001111111100001111111000000000000000000000000000000001111111000011110000000000000000000000000000000000000011110000110000000000000000000000000000000000000000001100011000000000000000000000000000000000000000000001101110000000000000000000000000000000000000000000011111000000000000000000000000000000000000000000000011,Plane Strain,27196210.45,29155898.89,37632977.62,0,0,19482931.28,1e-09,,2240000000,0.49253731,"[ 4607871.87452314  5501933.96862097  8064209.12226178 11969736.51797494
 16774962.08267541 22015896.30349973 27282775.63515523 32257121.37804818
 36716188.07164895 40517950.48747664 43578868.98581335 45852181.39880155
 47310255.41249584 47931946.91430337 47694857.99674277 46572386.78316221
 44536102.61415775 41564994.00443261 37664206.84149315 32896275.37866795
 27425843.44456837 21571564.04852143 15843802.67889113 10928146.85506395
  7572215.35665857  6376180.21998196  7572215.35665858 10928146.85506393
 15843802.67889114 21571564.04852135 27425843.44456826 32896275.37866778
 37664206.84149293 41564994.00443232 44536102.61415743 46572386.78316184
 47694857.9967424  47931946.91430299 47310255.41249543 45852181.39880118
 43578868.98581301 40517950.48747632 36716188.07164866 32257121.37804791
 27282775.63515501 22015896.30349954 16774962.08267529 11969736.51797486
  8064209.12226172  5501933.96862095  4607871.87452314  5501933.96862097
  8064209.12226178 11969736.51797496 16774962.08267543 22015896.30349976
 27282775.63515528 32257121.37804818 36716188.07164895 40517950.48747664
 43578868.98581336 45852181.39880156 47310255.41249584 47931946.91430335
 47694857.99674278 46572386.78316221 44536102.61415773 41564994.00443261
 37664206.84149311 32896275.37866795 27425843.44456839 21571564.04852138
 15843802.67889114 10928146.85506389  7572215.35665857  6376180.21998196
  7572215.35665861 10928146.85506393 15843802.67889116 21571564.04852139
 27425843.44456823 32896275.37866781 37664206.84149291 41564994.00443234
 44536102.61415743 46572386.78316186 47694857.9967424  47931946.91430297
 47310255.41249543 45852181.39880117 43578868.98581298 40517950.4874763
 36716188.07164865 32257121.3780479  27282775.635155   22015896.30349952
 16774962.08267527 11969736.51797487  8064209.12226169  5501933.96862095
  4607871.87452314]","[1.07205741 1.04933666 0.98550377 0.89174722 0.78199507 0.6690019
 0.56223383 0.4675594  0.38795242 0.32446032 0.27703887 0.24513631
 0.22804648 0.22508864 0.23566554 0.25923173 0.29518674 0.34269544
 0.40043642 0.4662929  0.53703641 0.6081125  0.67370059 0.72723295
 0.76244279 0.77474334 0.76244279 0.72723295 0.67370059 0.6081125
 0.53703641 0.4662929  0.40043642 0.34269544 0.29518674 0.25923173
 0.23566554 0.22508864 0.22804648 0.24513631 0.27703887 0.32446032
 0.38795242 0.4675594  0.56223383 0.6690019  0.78199507 0.89174722
 0.98550377 1.04933666 1.07205741 1.04933666 0.98550377 0.89174722
 0.78199507 0.6690019  0.56223383 0.4675594  0.38795242 0.32446032
 0.27703887 0.24513631 0.22804648 0.22508864 0.23566554 0.25923173
 0.29518674 0.34269544 0.40043642 0.4662929  0.53703641 0.6081125
 0.67370059 0.72723295 0.76244279 0.77474334 0.76244279 0.72723295
 0.67370059 0.6081125  0.53703641 0.4662929  0.40043642 0.34269544
 0.29518674 0.25923173 0.23566554 0.22508864 0.22804648 0.24513631
 0.27703887 0.32446032 0.38795242 0.4675594  0.56223383 0.6690019
 0.78199507 0.89174722 0.98550377 1.04933666 1.07205741]"
65214,C2v,50,50,1111111111111111111111111111111111111111111111111111111111111111111111111111111111111111111111111111111111111111111111111111111111111111111111111111111111111111111111111111111111111111111111111111111111111111111111111111111111111111111111111111111111111111111111111111111111111111111111111111111111111111111111111111111111111111111111111111111111111111111111111111111111111111111111111111111111111111100000001111111111111111111111111111111111000000010000000011111111111111111111111111111111110000000000000000111111111111111111111111111111111100000000000111111111111111111111111111111111111111111110000001110000111111111111111111111111111111000011100000011100000000000000000000000000000000000000111000000111110000000000000000000000000000000000111110000001111111100000000000000000000000000001111111100000011111111110000000000000000000000001111111111000000111111111100000000000000000000000011111111110000001111111111111100000000000000001111111111111100000001111111111111000000000000000011111111111110000111111111111111110000000000000000111111111111111111111111111111111111111111111111111111111111111111111111111111111111111111111111111111111111111111111111111111111111111111111111111111111111111111111111111111111111111111111111111111111111111111111111111111111111111111111111111111111111111111111111111111111111111111111111111111111111111111111111111111111111111111111111111111111111111111111111111111111111111111111111111111111111111111111111111111111111111111111111110000000000000000111111111111111110000111111111111100000000000000001111111111111000000011111111111111000000000000000011111111111111000000111111111100000000000000000000000011111111110000001111111111000000000000000000000000111111111100000011111111000000000000000000000000000011111111000000111110000000000000000000000000000000000111110000001110000000000000000000000000000000000000011100000011100001111111111111111111111111111110000111000000111111111111111111111111111111111111111111110000000000011111111111111111111111111111111110000000000000000111111111111111111111111111111111100000000100000001111111111111111111111111111111111000000011111111111111111111111111111111111111111111111111111111111111111111111111111111111111111111111111111111111111111111111111111111111111111111111111111111111111111111111111111111111111111111111111111111111111111111111111111111111111111111111111111111111111111111111111111111111111111111111111111111111111111111111111111111111111111111111111111111111111111111111111111111111111111111111111111111111111111,Plane Strain,1177635225.0,10457124.32,58530229.51,0,0,69638950.44,1e-09,,2240000000,0.49253731,"[1.17576693e+09 1.16617286e+09 1.13547991e+09 1.07967251e+09
 9.96851674e+08 8.91071965e+08 7.72431916e+08 6.53142910e+08
 5.42996588e+08 4.47316262e+08 3.67475230e+08 3.02436116e+08
 2.50124400e+08 2.08273377e+08 1.74824225e+08 1.48060175e+08
 1.26612009e+08 1.09413651e+08 9.56460081e+07 8.46848372e+07
 7.60576576e+07 6.94101863e+07 6.44811222e+07 6.10837670e+07
 5.90931177e+07 5.84373727e+07 5.90931177e+07 6.10837670e+07
 6.44811222e+07 6.94101863e+07 7.60576576e+07 8.46848372e+07
 9.56460081e+07 1.09413651e+08 1.26612009e+08 1.48060175e+08
 1.74824225e+08 2.08273377e+08 2.50124400e+08 3.02436116e+08
 3.67475230e+08 4.47316262e+08 5.42996588e+08 6.53142910e+08
 7.72431916e+08 8.91071965e+08 9.96851674e+08 1.07967251e+09
 1.13547991e+09 1.16617286e+09 1.17576693e+09 1.16617286e+09
 1.13547991e+09 1.07967251e+09 9.96851674e+08 8.91071965e+08
 7.72431916e+08 6.53142910e+08 5.42996588e+08 4.47316262e+08
 3.67475230e+08 3.02436116e+08 2.50124400e+08 2.08273377e+08
 1.74824225e+08 1.48060175e+08 1.26612009e+08 1.09413651e+08
 9.56460081e+07 8.46848372e+07 7.60576576e+07 6.94101863e+07
 6.44811222e+07 6.10837670e+07 5.90931177e+07 5.84373727e+07
 5.90931177e+07 6.10837670e+07 6.44811222e+07 6.94101863e+07
 7.60576576e+07 8.46848372e+07 9.56460081e+07 1.09413651e+08
 1.26612009e+08 1.48060175e+08 1.74824225e+08 2.08273377e+08
 2.50124400e+08 3.02436116e+08 3.67475230e+08 4.47316262e+08
 5.42996588e+08 6.53142910e+08 7.72431916e+08 8.91071965e+08
 9.96851674e+08 1.07967251e+09 1.13547991e+09 1.16617286e+09
 1.17576693e+09]","[0.00887977 0.01208644 0.02177076 0.03812676 0.06148122 0.09229762
 0.13117915 0.17886673 0.23622544 0.30420665 0.38376446 0.47568983
 0.58030242 0.69690997 0.82291676 0.95247716 1.07475255 1.17233644
 1.22143663 1.19651832 1.08133524 0.88297786 0.6383949  0.40469444
 0.23851973 0.17866194 0.23851973 0.40469444 0.6383949  0.88297786
 1.08133524 1.19651832 1.22143663 1.17233644 1.07475255 0.95247716
 0.82291676 0.69690997 0.58030242 0.47568983 0.38376446 0.30420665
 0.23622544 0.17886673 0.13117915 0.09229762 0.06148122 0.03812676
 0.02177076 0.01208644 0.00887977 0.01208644 0.02177076 0.03812676
 0.06148122 0.09229762 0.13117915 0.17886673 0.23622544 0.30420665
 0.38376446 0.47568983 0.58030242 0.69690997 0.82291676 0.95247716
 1.07475255 1.17233644 1.22143663 1.19651832 1.08133524 0.88297786
 0.6383949  0.40469444 0.23851973 0.17866194 0.23851973 0.40469444
 0.6383949  0.88297786 1.08133524 1.19651832 1.22143663 1.17233644
 1.07475255 0.95247716 0.82291676 0.69690997 0.58030242 0.47568983
 0.38376446 0.30420665 0.23622544 0.17886673 0.13117915 0.09229762
 0.06148122 0.03812676 0.02177076 0.01208644 0.00887977]"
48588,C2v,50,50,1111000000000000000000000000000000000000000000111111110000000000000000000000000000000000000000001111111111111111111100000000000000000011111111111111111111111111111111100000000000000001111111111111111111111111111111111000000000000000011111111111111111111111111111111110000000000000000111111111111111111111111111111111100000000000000001111111111111111111111111111111111000000000000000011111111111111111111111111111111110000000000000000111111111111111111111111111111111100000000000000001111111111111111111111111111111111000000000000000011111111111111111111111111111111111111110000111111111111111111111111111111111111111111111100001111111111111111111111111111111111111111111111000011111111111111111111111111111111111111111111110000111111111111111111111111111111111111111111111100001111111111111111111111111111111111111111111111000011111111111111111111111111111111111111111111110000111111111111111111111111111111111111111111111111111111111111111111111111111111111111111111111111111111111111111111111111111111111111111111111111111111111111111111111111111111111111111111111111111111111111111111111111111111111111111111111111111111111111111111111111111111111111111111111111111111111111111111111111111111111111111111111111111111111111111111111111111111111111111111111111111111111111111111111111111111111111111111111111111111111111111111111111111111111111111111111111111111111111111111111111111111111111111111111111111111111111111111111111111111111111111111111111111111111111111111111111111111111111111111111111111111111111111111111111111111111111111111111111111111111111111111111111111111111111111111111111111111111111111111111111110000111111111111111111111111111111111111111111111100001111111111111111111111111111111111111111111111000011111111111111111111111111111111111111111111110000111111111111111111111111111111111111111111111100001111111111111111111111111111111111111111111111000011111111111111111111111111111111111111111111110000111111111111111111111111111111111111111100000000000000001111111111111111111111111111111111000000000000000011111111111111111111111111111111110000000000000000111111111111111111111111111111111100000000000000001111111111111111111111111111111111000000000000000011111111111111111111111111111111110000000000000000111111111111111111111111111111111100000000000000001111111111111111111111111111111111000000000000000011111111111111111111111111111111100000000000000000011111111111111111111000000000000000000000000000000000000000000111111110000000000000000000000000000000000000000001111,Plane Strain,911865731.1,166941627.7,668984410.8,0,0,223080096.2,1e-09,,2240000000,0.49253731,"[8.70206304e+08 8.67130407e+08 8.58014837e+08 8.43200061e+08
 8.23264770e+08 7.99034624e+08 7.71579266e+08 7.42185459e+08
 7.12296206e+08 6.83412388e+08 6.56964229e+08 6.34171804e+08
 6.15921767e+08 6.02687025e+08 5.94506078e+08 5.91022906e+08
 5.91573158e+08 5.95293785e+08 6.01233032e+08 6.08443816e+08
 6.16052180e+08 6.23300117e+08 6.29567063e+08 6.34376443e+08
 6.37393717e+08 6.38421241e+08 6.37393717e+08 6.34376443e+08
 6.29567063e+08 6.23300117e+08 6.16052180e+08 6.08443816e+08
 6.01233032e+08 5.95293785e+08 5.91573158e+08 5.91022906e+08
 5.94506078e+08 6.02687025e+08 6.15921767e+08 6.34171804e+08
 6.56964229e+08 6.83412388e+08 7.12296206e+08 7.42185459e+08
 7.71579266e+08 7.99034624e+08 8.23264770e+08 8.43200061e+08
 8.58014837e+08 8.67130407e+08 8.70206304e+08 8.67130407e+08
 8.58014837e+08 8.43200061e+08 8.23264770e+08 7.99034624e+08
 7.71579266e+08 7.42185459e+08 7.12296206e+08 6.83412388e+08
 6.56964229e+08 6.34171804e+08 6.15921767e+08 6.02687025e+08
 5.94506078e+08 5.91022906e+08 5.91573158e+08 5.95293785e+08
 6.01233032e+08 6.08443816e+08 6.16052180e+08 6.23300117e+08
 6.29567063e+08 6.34376443e+08 6.37393717e+08 6.38421241e+08
 6.37393717e+08 6.34376443e+08 6.29567063e+08 6.23300117e+08
 6.16052180e+08 6.08443816e+08 6.01233032e+08 5.95293785e+08
 5.91573158e+08 5.91022906e+08 5.94506078e+08 6.02687025e+08
 6.15921767e+08 6.34171804e+08 6.56964229e+08 6.83412388e+08
 7.12296206e+08 7.42185459e+08 7.71579266e+08 7.99034624e+08
 8.23264770e+08 8.43200061e+08 8.58014837e+08 8.67130407e+08
 8.70206304e+08]","[0.18307698 0.18508138 0.1910385  0.20077652 0.2139973  0.23026116
 0.24897042 0.26935734 0.29048392 0.31126235 0.33050414 0.34700248
 0.35964479 0.36754243 0.37015465 0.36737899 0.35958451 0.34757728
 0.33250518 0.31572416 0.29865431 0.28265105 0.26890665 0.25838581
 0.25179051 0.24954487 0.25179051 0.25838581 0.26890665 0.28265105
 0.29865431 0.31572416 0.33250518 0.34757728 0.35958451 0.36737899
 0.37015465 0.36754243 0.35964479 0.34700248 0.33050414 0.31126235
 0.29048392 0.26935734 0.24897042 0.23026116 0.2139973  0.20077652
 0.1910385  0.18508138 0.18307698 0.18508138 0.1910385  0.20077652
 0.2139973  0.23026116 0.24897042 0.26935734 0.29048392 0.31126235
 0.33050414 0.34700248 0.35964479 0.36754243 0.37015465 0.36737899
 0.35958451 0.34757728 0.33250518 0.31572416 0.29865431 0.28265105
 0.26890665 0.25838581 0.25179051 0.24954487 0.25179051 0.25838581
 0.26890665 0.28265105 0.29865431 0.31572416 0.33250518 0.34757728
 0.35958451 0.36737899 0.37015465 0.36754243 0.35964479 0.34700248
 0.33050414 0.31126235 0.29048392 0.26935734 0.24897042 0.23026116
 0.2139973  0.20077652 0.1910385  0.18508138 0.18307698]"
17260,C2v,50,50,0000000000000000001111111111111100000000000000000000000000000000000011111111111111000000000000000000000000000000000000111111111111110000000000000000000000000000000000011111111111111110000000000000000001000000000000011111111111111111111000000000000010110000000000000111111111111111111110000000000000111100000000000001111111111111111111100000000000001111100000001000011111111111111111111000010000000111111111000010000111111111111111111110000100001111111111110000110001111111111111111111100011000011111111111110011100011111111111111111111000111001111111111111111111111111111111111111111111111111111111110000000111111111111111111111111111111111111000000000000000111111111111111111111111111111111100000000000000001111111111111111111111111111111111000000000000000001111111111111111111111111111111100000000000000000011111111111111111111111111111111000000000000000000011111111111111111111111111111100000000000000000000111111111111111111111111111111000000000000000000001111111111111111111111111111110000000000000000000011111111111111111111111111111100000000000000000000111111111111111111111111111111000000000000000000001111111111111111111111111111110000000000000000000111111111111111111111111111111110000000000000000001111111111111111111111111111111100000000000000000011111111111111111111111111111111000000000000000000111111111111111111111111111111110000000000000000000111111111111111111111111111111000000000000000000001111111111111111111111111111110000000000000000000011111111111111111111111111111100000000000000000000111111111111111111111111111111000000000000000000001111111111111111111111111111110000000000000000000011111111111111111111111111111100000000000000000001111111111111111111111111111111100000000000000000011111111111111111111111111111111000000000000000001111111111111111111111111111111111000000000000000011111111111111111111111111111111110000000000000001111111111111111111111111111111111110000000111111111111111111111111111111111111111111111111111111111001110001111111111111111111100011100111111111111100001100011111111111111111111000110000111111111111000010000111111111111111111110000100001111111110000000100001111111111111111111100001000000011111000000000000011111111111111111111000000000000011110000000000000111111111111111111110000000000000110100000000000001111111111111111111100000000000001000000000000000000111111111111111100000000000000000000000000000000000111111111111110000000000000000000000000000000000001111111111111100000000000000000000000000000000000011111111111111000000000000000000,Plane Strain,195778322.7,15300799.78,788332092.0,0,0,3771976.99,1e-09,,2240000000,0.49253731,"[1.95481348e+08 1.93968500e+08 1.89414475e+08 1.81776837e+08
 1.70999516e+08 1.57039806e+08 1.39917360e+08 1.19799060e+08
 9.71408238e+07 7.29140582e+07 4.89425469e+07 2.83431940e+07
 1.59577789e+07 1.84340410e+07 4.33169520e+07 9.65363644e+07
 1.78740091e+08 2.82879945e+08 3.95845521e+08 5.03689968e+08
 5.96497794e+08 6.69900925e+08 7.23732167e+08 7.59851475e+08
 7.80456587e+08 7.87136278e+08 7.80456587e+08 7.59851475e+08
 7.23732167e+08 6.69900925e+08 5.96497794e+08 5.03689968e+08
 3.95845521e+08 2.82879945e+08 1.78740091e+08 9.65363644e+07
 4.33169520e+07 1.84340410e+07 1.59577789e+07 2.83431940e+07
 4.89425469e+07 7.29140582e+07 9.71408238e+07 1.19799060e+08
 1.39917360e+08 1.57039806e+08 1.70999516e+08 1.81776837e+08
 1.89414475e+08 1.93968500e+08 1.95481348e+08 1.93968500e+08
 1.89414475e+08 1.81776837e+08 1.70999516e+08 1.57039806e+08
 1.39917360e+08 1.19799060e+08 9.71408238e+07 7.29140582e+07
 4.89425469e+07 2.83431940e+07 1.59577789e+07 1.84340410e+07
 4.33169520e+07 9.65363644e+07 1.78740091e+08 2.82879945e+08
 3.95845521e+08 5.03689968e+08 5.96497794e+08 6.69900925e+08
 7.23732167e+08 7.59851475e+08 7.80456587e+08 7.87136278e+08
 7.80456587e+08 7.59851475e+08 7.23732167e+08 6.69900925e+08
 5.96497794e+08 5.03689968e+08 3.95845521e+08 2.82879945e+08
 1.78740091e+08 9.65363644e+07 4.33169520e+07 1.84340410e+07
 1.59577789e+07 2.83431940e+07 4.89425469e+07 7.29140582e+07
 9.71408238e+07 1.19799060e+08 1.39917360e+08 1.57039806e+08
 1.70999516e+08 1.81776837e+08 1.89414475e+08 1.93968500e+08
 1.95481348e+08]","[0.0781537  0.0976503  0.15642167 0.25484697 0.39190179 0.56246572
 0.75380261 0.94305363 1.09932861 1.19295802 1.20820713 1.14986868
 1.03840945 0.89891893 0.75238329 0.61254362 0.48664746 0.37750886
 0.28540663 0.20939482 0.14808019 0.10003721 0.06400887 0.03899253
 0.02426923 0.01940908 0.02426923 0.03899253 0.06400887 0.10003721
 0.14808019 0.20939482 0.28540663 0.37750886 0.48664746 0.61254362
 0.75238329 0.89891893 1.03840945 1.14986868 1.20820713 1.19295802
 1.09932861 0.94305363 0.75380261 0.56246572 0.39190179 0.25484697
 0.15642167 0.0976503  0.0781537  0.0976503  0.15642167 0.25484697
 0.39190179 0.56246572 0.75380261 0.94305363 1.09932861 1.19295802
 1.20820713 1.14986868 1.03840945 0.89891893 0.75238329 0.61254362
 0.48664746 0.37750886 0.28540663 0.20939482 0.14808019 0.10003721
 0.06400887 0.03899253 0.02426923 0.01940908 0.02426923 0.03899253
 0.06400887 0.10003721 0.14808019 0.20939482 0.28540663 0.37750886
 0.48664746 0.61254362 0.75238329 0.89891893 1.03840945 1.14986868
 1.20820713 1.19295802 1.09932861 0.94305363 0.75380261 0.56246572
 0.39190179 0.25484697 0.15642167 0.0976503  0.0781537 ]"
70595,C2v,50,50,0000000000000000011111111111111110000000000000000000000000000001111111111111111111111110000000000000000000000000011111111111111111111111100000000000000000000000000111111111111111111111111000000000000000000000000001111111111111111111111110000000000000000000000111111111111111111111111111111110000000000000000111111111111111111111111111111111111000000000000001111111111111111111111111111111111110000000000001111111111111111111111111111111111111111000000000011111111111111111111111111111111111111110000000000111111111111111111111111111111111111111100000000111111111111111111111111111111111111111111110000001111111111111111111111111111111111111111111100000011111111111111111111111111111111111111111111000011111111111111111111111111111111111111111111111101111111111111111111111111111111111111111111111111111111111111111111111111111111111111111111111111111111111111111111111111111111111111111111111111111111111111111111111111111111111111111111111111111111111111111111111111111111111111111111111111111111111111111111111111111111111111111111111111111111111111111111111111111111111111111111111111111111111111111111111111111111111111111111111111111111111111111111111111111111111111111111111111111111111111111110000011111111111111111111111111111111111111110000000000111111111111111111111111111111111111111100000111111111111111111111111111111111111111111111111111111111111111111111111111111111111111111111111111111111111111111111111111111111111111111111111111111111111111111111111111111111111111111111111111111111111111111111111111111111111111111111111111111111111111111111111111111111111111111111111111111111111111111111111111111111111111111111111111111111111111111111111111111111111111111111111111111111111111111111111111111111111111111111111111111111111111111011111111111111111111111111111111111111111111111100001111111111111111111111111111111111111111111100000011111111111111111111111111111111111111111111000000111111111111111111111111111111111111111111110000000011111111111111111111111111111111111111110000000000111111111111111111111111111111111111111100000000001111111111111111111111111111111111111111000000000000111111111111111111111111111111111111000000000000001111111111111111111111111111111111110000000000000000111111111111111111111111111111110000000000000000000000111111111111111111111111000000000000000000000000001111111111111111111111110000000000000000000000000011111111111111111111111100000000000000000000000000111111111111111111111111000000000000000000000000000000111111111111111100000000000000000,Plane Strain,1146436038.0,286536314.6,1044858940.0,0,0,314897614.7,1e-09,,2240000000,0.49253731,"[1.06785791e+09 1.06519807e+09 1.05733674e+09 1.04462885e+09
 1.02766554e+09 1.00726879e+09 9.84474875e+08 9.60499707e+08
 9.36680437e+08 9.14391182e+08 8.94937088e+08 8.79438096e+08
 8.68719858e+08 8.63231410e+08 8.63005715e+08 8.67670557e+08
 8.76506232e+08 8.88536874e+08 9.02637243e+08 9.17637214e+08
 9.32410855e+08 9.45943425e+08 9.57375616e+08 9.66028558e+08
 9.71415093e+08 9.73243030e+08 9.71415093e+08 9.66028558e+08
 9.57375616e+08 9.45943425e+08 9.32410855e+08 9.17637214e+08
 9.02637243e+08 8.88536874e+08 8.76506232e+08 8.67670557e+08
 8.63005715e+08 8.63231410e+08 8.68719858e+08 8.79438096e+08
 8.94937088e+08 9.14391182e+08 9.36680437e+08 9.60499707e+08
 9.84474875e+08 1.00726879e+09 1.02766554e+09 1.04462885e+09
 1.05733674e+09 1.06519807e+09 1.06785791e+09 1.06519807e+09
 1.05733674e+09 1.04462885e+09 1.02766554e+09 1.00726879e+09
 9.84474875e+08 9.60499707e+08 9.36680437e+08 9.14391182e+08
 8.94937088e+08 8.79438096e+08 8.68719858e+08 8.63231410e+08
 8.63005715e+08 8.67670557e+08 8.76506232e+08 8.88536874e+08
 9.02637243e+08 9.17637214e+08 9.32410855e+08 9.45943425e+08
 9.57375616e+08 9.66028558e+08 9.71415093e+08 9.73243030e+08
 9.71415093e+08 9.66028558e+08 9.57375616e+08 9.45943425e+08
 9.32410855e+08 9.17637214e+08 9.02637243e+08 8.88536874e+08
 8.76506232e+08 8.67670557e+08 8.63005715e+08 8.63231410e+08
 8.68719858e+08 8.79438096e+08 8.94937088e+08 9.14391182e+08
 9.36680437e+08 9.60499707e+08 9.84474875e+08 1.00726879e+09
 1.02766554e+09 1.04462885e+09 1.05733674e+09 1.06519807e+09
 1.06785791e+09]","[0.24993659 0.251562   0.25637018 0.26415605 0.27457541 0.28714397
 0.30124098 0.31612195 0.33094497 0.34481402 0.35683987 0.36621473
 0.37229209 0.37465913 0.37318777 0.36805356 0.35971781 0.34887655
 0.33638656 0.32318238 0.31019712 0.29829658 0.28823068 0.28060207
 0.27584846 0.27423445 0.27584846 0.28060207 0.28823068 0.29829658
 0.31019712 0.32318238 0.33638656 0.34887655 0.35971781 0.36805356
 0.37318777 0.37465913 0.37229209 0.36621473 0.35683987 0.34481402
 0.33094497 0.31612195 0.30124098 0.28714397 0.27457541 0.26415605
 0.25637018 0.251562   0.24993659 0.251562   0.25637018 0.26415605
 0.27457541 0.28714397 0.30124098 0.31612195 0.33094497 0.34481402
 0.35683987 0.36621473 0.37229209 0.37465913 0.37318777 0.36805356
 0.35971781 0.34887655 0.33638656 0.32318238 0.31019712 0.29829658
 0.28823068 0.28060207 0.27584846 0.27423445 0.27584846 0.28060207
 0.28823068 0.29829658 0.31019712 0.32318238 0.33638656 0.34887655
 0.35971781 0.36805356 0.37318777 0.37465913 0.37229209 0.36621473
 0.35683987 0.34481402 0.33094497 0.31612195 0.30124098 0.28714397
 0.27457541 0.26415605 0.25637018 0.251562   0.24993659]"
74966,C2v,50,50,0000000000001111111111111111111111111100000000000000000000000011111111111111111111111111000000000000000000000000111111111111111111111111110000000000000000000000001111111111111111111111111100000000000011000000000111111111111111111111111111100000000011111111111111111111111111111111111111111111111111110111111111111111111111111111111111111111111111111001111111111111111111111111111111111111111111111110001111111111111111111111111111111111111111111111000000111111111111111111111111111111111111111111000000001111111111111111111111111111111111111111110000000011111111111111111111111111111111111111111100000000001111111111111111111111111111111111111100000000000011111111111111111111111111111111111111000000000000111111111111111111111111111111111111110000000000001111111111111111111111111111111111111100000000000011111111111111111111111111111111111111000000000000111111111111111111111111111111111111110000000000001111111111111111111111111111111111111100000000000011111111111111111111111111111111111111000000000000111111111111111111111111111111111111110000000000111111111111111111111111111111111111111111000000001111111111111111111111111111111111111111110000000011111111111111111111111111111111111111111100000000111111111111111111111111111111111111111111000000001111111111111111111111111111111111111111110000000011111111111111111111111111111111111111111100000000111111111111111111111111111111111111111111000000001111111111111111111111111111111111111111110000000000111111111111111111111111111111111111110000000000001111111111111111111111111111111111111100000000000011111111111111111111111111111111111111000000000000111111111111111111111111111111111111110000000000001111111111111111111111111111111111111100000000000011111111111111111111111111111111111111000000000000111111111111111111111111111111111111110000000000001111111111111111111111111111111111111100000000000011111111111111111111111111111111111111000000000011111111111111111111111111111111111111111100000000111111111111111111111111111111111111111111000000001111111111111111111111111111111111111111110000001111111111111111111111111111111111111111111111000111111111111111111111111111111111111111111111111001111111111111111111111111111111111111111111111110111111111111111111111111111111111111111111111111111100000000011111111111111111111111111110000000001100000000000011111111111111111111111111000000000000000000000000111111111111111111111111110000000000000000000000001111111111111111111111111100000000000000000000000011111111111111111111111111000000000000,Plane Strain,269299855.2,28400914.51,1250829447.0,0,0,60496791.19,1e-09,,2240000000,0.49253731,"[2.68654994e+08 2.67486143e+08 2.63996276e+08 2.58241475e+08
 2.50336372e+08 2.40489779e+08 2.29062646e+08 2.16656763e+08
 2.04244438e+08 1.93347674e+08 1.86264210e+08 1.86305484e+08
 1.97942030e+08 2.26638335e+08 2.78049136e+08 3.56313160e+08
 4.61683771e+08 5.88664280e+08 7.26315961e+08 8.61299044e+08
 9.82001763e+08 1.08123686e+09 1.15643165e+09 1.20811649e+09
 1.23805686e+09 1.24783423e+09 1.23805686e+09 1.20811649e+09
 1.15643165e+09 1.08123686e+09 9.82001763e+08 8.61299044e+08
 7.26315961e+08 5.88664280e+08 4.61683771e+08 3.56313160e+08
 2.78049136e+08 2.26638335e+08 1.97942030e+08 1.86305484e+08
 1.86264210e+08 1.93347674e+08 2.04244438e+08 2.16656763e+08
 2.29062646e+08 2.40489779e+08 2.50336372e+08 2.58241475e+08
 2.63996276e+08 2.67486143e+08 2.68654994e+08 2.67486143e+08
 2.63996276e+08 2.58241475e+08 2.50336372e+08 2.40489779e+08
 2.29062646e+08 2.16656763e+08 2.04244438e+08 1.93347674e+08
 1.86264210e+08 1.86305484e+08 1.97942030e+08 2.26638335e+08
 2.78049136e+08 3.56313160e+08 4.61683771e+08 5.88664280e+08
 7.26315961e+08 8.61299044e+08 9.82001763e+08 1.08123686e+09
 1.15643165e+09 1.20811649e+09 1.23805686e+09 1.24783423e+09
 1.23805686e+09 1.20811649e+09 1.15643165e+09 1.08123686e+09
 9.82001763e+08 8.61299044e+08 7.26315961e+08 5.88664280e+08
 4.61683771e+08 3.56313160e+08 2.78049136e+08 2.26638335e+08
 1.97942030e+08 1.86305484e+08 1.86264210e+08 1.93347674e+08
 2.04244438e+08 2.16656763e+08 2.29062646e+08 2.40489779e+08
 2.50336372e+08 2.58241475e+08 2.63996276e+08 2.67486143e+08
 2.68654994e+08]","[0.10546205 0.123698   0.17787355 0.26593938 0.38305586 0.5198928
 0.66150402 0.78835803 0.8806197  0.9244725  0.91676676 0.86485556
 0.78221139 0.68317    0.57949231 0.4792437  0.38715809 0.30554202
 0.23516363 0.17592712 0.12732045 0.08868807 0.05938663 0.03886873
 0.02672535 0.02270567 0.02672535 0.03886873 0.05938663 0.08868807
 0.12732045 0.17592712 0.23516363 0.30554202 0.38715809 0.4792437
 0.57949231 0.68317    0.78221139 0.86485556 0.91676676 0.9244725
 0.8806197  0.78835803 0.66150402 0.5198928  0.38305586 0.26593938
 0.17787355 0.123698   0.10546205 0.123698   0.17787355 0.26593938
 0.38305586 0.5198928  0.66150402 0.78835803 0.8806197  0.9244725
 0.91676676 0.86485556 0.78221139 0.68317    0.57949231 0.4792437
 0.38715809 0.30554202 0.23516363 0.17592712 0.12732045 0.08868807
 0.05938663 0.03886873 0.02672535 0.02270567 0.02672535 0.03886873
 0.05938663 0.08868807 0.12732045 0.17592712 0.23516363 0.30554202
 0.38715809 0.4792437  0.57949231 0.68317    0.78221139 0.86485556
 0.91676676 0.9244725  0.8806197  0.78835803 0.66150402 0.5198928
 0.38305586 0.26593938 0.17787355 0.123698   0.10546205]"
18656,C2v,50,50,0000111111111111111111111111111111111111111111000000001111111111111111111111111111111111111111110000000001111111111111111111111111111111111111111000000000001111111111111111111111111111111111111100000000000011111111111111111111111111111111111111000000000000011111111111111111111111111111111111100000000000000011111111111111111111111111111111110000000000000000111111111111111111111111111111111100000000000000001111111111111111111111111111111111000000000000000011111111111111111111111111111111110000000000000000111111111111111111111111111111111100000000000000001111111111111111111111111111111111000000000000000011111111111111111111111111111111110000000000000000111111111111111111111111111111111100000000000000011111111111111111111111111111111111100000000000001111111111111111111111111111111111111100000000000011111111111111111111111111111111111111000000000000111111111111111111111111111111111111110000001111111111111111111111111111111111111111111111111111111111111111111111111111111111111111111111111111111111111111111111111111111111111111111111111111111111111111111111111111111111111111111111111111111111111111111111111111111111111111111111111111111111111111111111111111111111111111111111111111111111111111111111111111111111111111111111111111111111111111111111111111111111111111111111111111111111111111111111111111111111111111111111111111111111111111111111111111111111111111111111111111111111111111111111111111111111111111111111111111111111111111111111111111111111111111111111111111111111111111111111111111111111111111111111111111111111111111111111111111111111111111111111111111111111111111111111111111000000111111111111111111111111111111111111110000000000001111111111111111111111111111111111111100000000000011111111111111111111111111111111111111000000000000011111111111111111111111111111111111100000000000000011111111111111111111111111111111110000000000000000111111111111111111111111111111111100000000000000001111111111111111111111111111111111000000000000000011111111111111111111111111111111110000000000000000111111111111111111111111111111111100000000000000001111111111111111111111111111111111000000000000000011111111111111111111111111111111110000000000000000111111111111111111111111111111111100000000000000011111111111111111111111111111111111100000000000001111111111111111111111111111111111111100000000000011111111111111111111111111111111111111000000000001111111111111111111111111111111111111111000000000111111111111111111111111111111111111111111000000001111111111111111111111111111111111111111110000,Plane Strain,804562036.6,237263260.2,1502474650.0,0,0,213208906.9,1e-09,,2240000000,0.49253731,"[7.67094613e+08 7.64603326e+08 7.57223658e+08 7.45249457e+08
 7.29207668e+08 7.09912328e+08 6.88534599e+08 6.66678692e+08
 6.46444184e+08 6.30442529e+08 6.21722737e+08 6.23556505e+08
 6.39049851e+08 6.70598884e+08 7.19289077e+08 7.84416846e+08
 8.63330504e+08 9.51700874e+08 1.04416457e+09 1.13513038e+09
 1.21949575e+09 1.29309977e+09 1.35287428e+09 1.39676281e+09
 1.42352138e+09 1.43250633e+09 1.42352138e+09 1.39676281e+09
 1.35287428e+09 1.29309977e+09 1.21949575e+09 1.13513038e+09
 1.04416457e+09 9.51700874e+08 8.63330504e+08 7.84416846e+08
 7.19289077e+08 6.70598884e+08 6.39049851e+08 6.23556505e+08
 6.21722737e+08 6.30442529e+08 6.46444184e+08 6.66678692e+08
 6.88534599e+08 7.09912328e+08 7.29207668e+08 7.45249457e+08
 7.57223658e+08 7.64603326e+08 7.67094613e+08 7.64603326e+08
 7.57223658e+08 7.45249457e+08 7.29207668e+08 7.09912328e+08
 6.88534599e+08 6.66678692e+08 6.46444184e+08 6.30442529e+08
 6.21722737e+08 6.23556505e+08 6.39049851e+08 6.70598884e+08
 7.19289077e+08 7.84416846e+08 8.63330504e+08 9.51700874e+08
 1.04416457e+09 1.13513038e+09 1.21949575e+09 1.29309977e+09
 1.35287428e+09 1.39676281e+09 1.42352138e+09 1.43250633e+09
 1.42352138e+09 1.39676281e+09 1.35287428e+09 1.29309977e+09
 1.21949575e+09 1.13513038e+09 1.04416457e+09 9.51700874e+08
 8.63330504e+08 7.84416846e+08 7.19289077e+08 6.70598884e+08
 6.39049851e+08 6.23556505e+08 6.21722737e+08 6.30442529e+08
 6.46444184e+08 6.66678692e+08 6.88534599e+08 7.09912328e+08
 7.29207668e+08 7.45249457e+08 7.57223658e+08 7.64603326e+08
 7.67094613e+08]","[0.29489741 0.30008791 0.31536442 0.33981846 0.37186979 0.40921038
 0.44881018 0.48705516 0.52006987 0.54421809 0.55668514 0.55597096
 0.54212133 0.51661666 0.48197494 0.44122435 0.39741238 0.3532582
 0.31097521 0.27223423 0.23821608 0.20970563 0.18719368 0.17096775
 0.16118354 0.15791498 0.16118354 0.17096775 0.18719368 0.20970563
 0.23821608 0.27223423 0.31097521 0.3532582  0.39741238 0.44122435
 0.48197494 0.51661666 0.54212133 0.55597096 0.55668514 0.54421809
 0.52006987 0.48705516 0.44881018 0.40921038 0.37186979 0.33981846
 0.31536442 0.30008791 0.29489741 0.30008791 0.31536442 0.33981846
 0.37186979 0.40921038 0.44881018 0.48705516 0.52006987 0.54421809
 0.55668514 0.55597096 0.54212133 0.51661666 0.48197494 0.44122435
 0.39741238 0.3532582  0.31097521 0.27223423 0.23821608 0.20970563
 0.18719368 0.17096775 0.16118354 0.15791498 0.16118354 0.17096775
 0.18719368 0.20970563 0.23821608 0.27223423 0.31097521 0.3532582
 0.39741238 0.44122435 0.48197494 0.51661666 0.54212133 0.55597096
 0.55668514 0.54421809 0.52006987 0.48705516 0.44881018 0.40921038
 0.37186979 0.33981846 0.31536442 0.30008791 0.29489741]"
18297,C2v,50,50,1111111111111111111111111111111111111111111111111111111111111111111111111111111111111111111111111111000111111111111111111111111111111111111111111110000000111111111111111111111111111111111111111111000000001111111111111111111111111111111111111111110000000011111111111111111111111111111111111111111100000000000111111111111111111111111111111111111000000000000001111111111111111111111111111111111110000000000000011111111111111111111111111111111111100000000000000111111111111111111111111111111111111000000000000001111111111111111111111111111111111110000000000000011111111111111111111111111111111111100000000000000011111111111111111111111111111111110000000000000000111111111111111111111111111111111100000000000000001111111111111111111111111111111111000000000000000000111111111111111111111111111111000000000000000000000111111111111111111111111111100000000000000000000001111111111111111111111111111000000000000000000000011111111111111111111111111110000000000000000000000111111111111111111111111111100000000000000000000011111111111111111111111111111100000000000000000000111111111111111111111111111111000000000000000000011111111111111111111111111111111000000000000000000111111111111111111111111111111110000000000000000001111111111111111111111111111111100000000000000000011111111111111111111111111111111000000000000000000111111111111111111111111111111110000000000000000001111111111111111111111111111111100000000000000000001111111111111111111111111111110000000000000000000011111111111111111111111111111100000000000000000000011111111111111111111111111110000000000000000000000111111111111111111111111111100000000000000000000001111111111111111111111111111000000000000000000000011111111111111111111111111110000000000000000000001111111111111111111111111111110000000000000000001111111111111111111111111111111111000000000000000011111111111111111111111111111111110000000000000000111111111111111111111111111111111100000000000000011111111111111111111111111111111111100000000000000111111111111111111111111111111111111000000000000001111111111111111111111111111111111110000000000000011111111111111111111111111111111111100000000000000111111111111111111111111111111111111000000000000001111111111111111111111111111111111110000000000011111111111111111111111111111111111111111100000000111111111111111111111111111111111111111111000000001111111111111111111111111111111111111111110000000111111111111111111111111111111111111111111110001111111111111111111111111111111111111111111111111111111111111111111111111111111111111111111111111111,Plane Strain,417901000.7,125041074.6,1286513185.0,0,0,84780449.18,1e-09,,2240000000,0.49253731,"[4.05747786e+08 4.03847174e+08 3.98179273e+08 3.88855203e+08
 3.76092284e+08 3.60265933e+08 3.41989116e+08 3.22223965e+08
 3.02426451e+08 2.84713702e+08 2.72019427e+08 2.68161432e+08
 2.77691981e+08 3.05368451e+08 3.55138881e+08 4.28763171e+08
 5.24555607e+08 6.36973775e+08 7.57525175e+08 8.76715103e+08
 9.86107540e+08 1.07960558e+09 1.15366785e+09 1.20676097e+09
 1.23853667e+09 1.24909937e+09 1.23853667e+09 1.20676097e+09
 1.15366785e+09 1.07960558e+09 9.86107540e+08 8.76715103e+08
 7.57525175e+08 6.36973775e+08 5.24555607e+08 4.28763171e+08
 3.55138881e+08 3.05368451e+08 2.77691981e+08 2.68161432e+08
 2.72019427e+08 2.84713702e+08 3.02426451e+08 3.22223965e+08
 3.41989116e+08 3.60265933e+08 3.76092284e+08 3.88855203e+08
 3.98179273e+08 4.03847174e+08 4.05747786e+08 4.03847174e+08
 3.98179273e+08 3.88855203e+08 3.76092284e+08 3.60265933e+08
 3.41989116e+08 3.22223965e+08 3.02426451e+08 2.84713702e+08
 2.72019427e+08 2.68161432e+08 2.77691981e+08 3.05368451e+08
 3.55138881e+08 4.28763171e+08 5.24555607e+08 6.36973775e+08
 7.57525175e+08 8.76715103e+08 9.86107540e+08 1.07960558e+09
 1.15366785e+09 1.20676097e+09 1.23853667e+09 1.24909937e+09
 1.23853667e+09 1.20676097e+09 1.15366785e+09 1.07960558e+09
 9.86107540e+08 8.76715103e+08 7.57525175e+08 6.36973775e+08
 5.24555607e+08 4.28763171e+08 3.55138881e+08 3.05368451e+08
 2.77691981e+08 2.68161432e+08 2.72019427e+08 2.84713702e+08
 3.02426451e+08 3.22223965e+08 3.41989116e+08 3.60265933e+08
 3.76092284e+08 3.88855203e+08 3.98179273e+08 4.03847174e+08
 4.05747786e+08]","[0.29921219 0.31040134 0.34343041 0.39653264 0.46630676 0.54722586
 0.63138864 0.70895529 0.76959039 0.8047296  0.80979882 0.78526152
 0.73596454 0.66926184 0.59294227 0.51375917 0.43678409 0.36539101
 0.30156408 0.24629214 0.19992427 0.162443   0.13365526 0.11331728
 0.10121194 0.09719378 0.10121194 0.11331728 0.13365526 0.162443
 0.19992427 0.24629214 0.30156408 0.36539101 0.43678409 0.51375917
 0.59294227 0.66926184 0.73596454 0.78526152 0.80979882 0.8047296
 0.76959039 0.70895529 0.63138864 0.54722586 0.46630676 0.39653264
 0.34343041 0.31040134 0.29921219 0.31040134 0.34343041 0.39653264
 0.46630676 0.54722586 0.63138864 0.70895529 0.76959039 0.8047296
 0.80979882 0.78526152 0.73596454 0.66926184 0.59294227 0.51375917
 0.43678409 0.36539101 0.30156408 0.24629214 0.19992427 0.162443
 0.13365526 0.11331728 0.10121194 0.09719378 0.10121194 0.11331728
 0.13365526 0.162443   0.19992427 0.24629214 0.30156408 0.36539101
 0.43678409 0.51375917 0.59294227 0.66926184 0.73596454 0.78526152
 0.80979882 0.8047296  0.76959039 0.70895529 0.63138864 0.54722586
 0.46630676 0.39653264 0.34343041 0.31040134 0.29921219]"
51809,C2v,50,50,1111110000000011111111111111111111110000000011111111111100000000111111111111111111111100000000111111011111000000001111111111111111111111000000001111100111111000000011111111111111111111110000000111111001111110000001111111111111111111111110000001111110001111111111111111111111111111111111111111111111000011111111111111111111111111111111111111111111110000011111111111111111111111111111111111111111111000000111111111111111111111111111111111111111111110000001111111111111111111111111111111111111111111100000001111111111111111111111111111111111111111110000000011111111111111111111111111111111111111111100000000111111111111111111111111111111111111111111000000000111111111111111111111111111111111111111100000000001111111111111111111111111111111111111111000000000010000001111111111111111111111111100000010000000000000000001111111111111111111111110000000000000000000000000011111111111111111111111100000000000000000000000000111111111111111111111111000000000000000000000000000111111111111111111111100000000000000000000000000001111111111111111111111000000000000000000000000000011111111111111111111110000000000000000000000000000111111111111111111111100000000000000000000000000001111111111111111111111000000000000000000000000000011111111111111111111110000000000000000000000000000111111111111111111111100000000000000000000000000001111111111111111111111000000000000000000000000000011111111111111111111110000000000000000000000000000111111111111111111111100000000000000000000000000001111111111111111111111000000000000000000000000000011111111111111111111110000000000000000000000000001111111111111111111111110000000000000000000000000011111111111111111111111100000000000000000000000000111111111111111111111111000000000000000000100000011111111111111111111111111000000100000000001111111111111111111111111111111111111111000000000011111111111111111111111111111111111111110000000001111111111111111111111111111111111111111110000000011111111111111111111111111111111111111111100000000111111111111111111111111111111111111111111000000011111111111111111111111111111111111111111111000000111111111111111111111111111111111111111111110000001111111111111111111111111111111111111111111100000111111111111111111111111111111111111111111111100001111111111111111111111111111111111111111111111000111111000000111111111111111111111111000000111111001111110000000111111111111111111111100000001111110011111000000001111111111111111111111000000001111101111110000000011111111111111111111110000000011111111111100000000111111111111111111111100000000111111,Plane Strain,263197249.4,111957124.9,1017924608.0,0,0,164837757.2,1e-09,,2240000000,0.49253731,"[2.50883569e+08 2.51893992e+08 2.54950494e+08 2.60129062e+08
 2.67557144e+08 2.77414419e+08 2.89932896e+08 3.05395180e+08
 3.24129172e+08 3.46496709e+08 3.72872942e+08 4.03612636e+08
 4.38999728e+08 4.79178008e+08 5.24064731e+08 5.73255831e+08
 6.25940637e+08 6.80852534e+08 7.36284129e+08 7.90185314e+08
 8.40338521e+08 8.84575775e+08 9.20982861e+08 9.48041027e+08
 9.64685957e+08 9.70301018e+08 9.64685957e+08 9.48041027e+08
 9.20982861e+08 8.84575775e+08 8.40338521e+08 7.90185314e+08
 7.36284129e+08 6.80852534e+08 6.25940637e+08 5.73255831e+08
 5.24064731e+08 4.79178008e+08 4.38999728e+08 4.03612636e+08
 3.72872942e+08 3.46496709e+08 3.24129172e+08 3.05395180e+08
 2.89932896e+08 2.77414419e+08 2.67557144e+08 2.60129062e+08
 2.54950494e+08 2.51893992e+08 2.50883569e+08 2.51893992e+08
 2.54950494e+08 2.60129062e+08 2.67557144e+08 2.77414419e+08
 2.89932896e+08 3.05395180e+08 3.24129172e+08 3.46496709e+08
 3.72872942e+08 4.03612636e+08 4.38999728e+08 4.79178008e+08
 5.24064731e+08 5.73255831e+08 6.25940637e+08 6.80852534e+08
 7.36284129e+08 7.90185314e+08 8.40338521e+08 8.84575775e+08
 9.20982861e+08 9.48041027e+08 9.64685957e+08 9.70301018e+08
 9.64685957e+08 9.48041027e+08 9.20982861e+08 8.84575775e+08
 8.40338521e+08 7.90185314e+08 7.36284129e+08 6.80852534e+08
 6.25940637e+08 5.73255831e+08 5.24064731e+08 4.79178008e+08
 4.38999728e+08 4.03612636e+08 3.72872942e+08 3.46496709e+08
 3.24129172e+08 3.05395180e+08 2.89932896e+08 2.77414419e+08
 2.67557144e+08 2.60129062e+08 2.54950494e+08 2.51893992e+08
 2.50883569e+08]","[0.42537346 0.4290063  0.43922678 0.45411968 0.47087161 0.486273
 0.49728367 0.50153501 0.4976538  0.48534894 0.46527929 0.43878129
 0.40755414 0.3733814  0.33793092 0.30263985 0.26867054 0.23691491
 0.20802618 0.18246213 0.16052952 0.14242428 0.12826485 0.11811839
 0.11201999 0.10998567 0.11201999 0.11811839 0.12826485 0.14242428
 0.16052952 0.18246213 0.20802618 0.23691491 0.26867054 0.30263985
 0.33793092 0.3733814  0.40755414 0.43878129 0.46527929 0.48534894
 0.4976538  0.50153501 0.49728367 0.486273   0.47087161 0.45411968
 0.43922678 0.4290063  0.42537346 0.4290063  0.43922678 0.45411968
 0.47087161 0.486273   0.49728367 0.50153501 0.4976538  0.48534894
 0.46527929 0.43878129 0.40755414 0.3733814  0.33793092 0.30263985
 0.26867054 0.23691491 0.20802618 0.18246213 0.16052952 0.14242428
 0.12826485 0.11811839 0.11201999 0.10998567 0.11201999 0.11811839
 0.12826485 0.14242428 0.16052952 0.18246213 0.20802618 0.23691491
 0.26867054 0.30263985 0.33793092 0.3733814  0.40755414 0.43878129
 0.46527929 0.48534894 0.4976538  0.50153501 0.49728367 0.486273
 0.47087161 0.45411968 0.43922678 0.4290063  0.42537346]"
67576,C2v,50,50,0001111100000000000000000000000000000000001111100000011111000000000000000000000000000000000011111000001111110000000000000000000000000000000000111111000011111110000000000000000000000000000000011111110000111111111111111000000000000000011111111111111100001111111111111110000000000000000111111111111111000011111111111111100000000000000001111111111111110000111111111111111000000000000000011111111111111100001111111111111110000000000000000111111111111111000001111111111111100000000000000001111111111111100000011111111111111000000000000000011111111111111000001111111111111110000000000000000111111111111111000011111111111111100000000000000001111111111111110011111111111111111111111111111111111111111111111111111111111111111111111111111111111111111111111111111111111111111111111111111111111111111111111111111111111111111111111111111111111111111111111111111111001111111111111111111111111111111111111111111111000011111111111111111111111111111111111111111111110000111111111111111111111111111111111111111111111100001111111111111111111111111111111111111111111111000000000111111111111111111111111111111111111000000000000000111111111111111111111111111111111100000000000000001111111111111111111111111111111111000000000000000011111111111111111111111111111111110000000000000000111111111111111111111111111111111100000000000000001111111111111111111111111111111111000000000000000011111111111111111111111111111111110000000000000001111111111111111111111111111111111110000000001111111111111111111111111111111111111111111111000011111111111111111111111111111111111111111111110000111111111111111111111111111111111111111111111100001111111111111111111111111111111111111111111111001111111111111111111111111111111111111111111111111111111111111111111111111111111111111111111111111111111111111111111111111111111111111111111111111111111111111111111111111111111111111111111111111111111100111111111111111000000000000000011111111111111100001111111111111110000000000000000111111111111111000001111111111111100000000000000001111111111111100000011111111111111000000000000000011111111111111000001111111111111110000000000000000111111111111111000011111111111111100000000000000001111111111111110000111111111111111000000000000000011111111111111100001111111111111110000000000000000111111111111111000011111111111111100000000000000001111111111111110000111111100000000000000000000000000000000111111100001111110000000000000000000000000000000000111111000001111100000000000000000000000000000000001111100000011111000000000000000000000000000000000011111000,Plane Strain,689503160.1,164097154.9,415142087.7,0,0,107091685.8,1e-09,,2240000000,0.49253731,"[6.24638920e+08 6.21059734e+08 6.10443493e+08 5.93165412e+08
 5.69884022e+08 5.41575625e+08 5.09552833e+08 4.75441972e+08
 4.41097628e+08 4.08447283e+08 3.79283610e+08 3.55047421e+08
 3.36656805e+08 3.24427859e+08 3.18102598e+08 3.16965086e+08
 3.20004419e+08 3.26080286e+08 3.34059248e+08 3.42907745e+08
 3.51742670e+08 3.59848798e+08 3.66674774e+08 3.71818231e+08
 3.75007921e+08 3.76088059e+08 3.75007921e+08 3.71818231e+08
 3.66674774e+08 3.59848798e+08 3.51742670e+08 3.42907745e+08
 3.34059248e+08 3.26080286e+08 3.20004419e+08 3.16965086e+08
 3.18102598e+08 3.24427859e+08 3.36656805e+08 3.55047421e+08
 3.79283610e+08 4.08447283e+08 4.41097628e+08 4.75441972e+08
 5.09552833e+08 5.41575625e+08 5.69884022e+08 5.93165412e+08
 6.10443493e+08 6.21059734e+08 6.24638920e+08 6.21059734e+08
 6.10443493e+08 5.93165412e+08 5.69884022e+08 5.41575625e+08
 5.09552833e+08 4.75441972e+08 4.41097628e+08 4.08447283e+08
 3.79283610e+08 3.55047421e+08 3.36656805e+08 3.24427859e+08
 3.18102598e+08 3.16965086e+08 3.20004419e+08 3.26080286e+08
 3.34059248e+08 3.42907745e+08 3.51742670e+08 3.59848798e+08
 3.66674774e+08 3.71818231e+08 3.75007921e+08 3.76088059e+08
 3.75007921e+08 3.71818231e+08 3.66674774e+08 3.59848798e+08
 3.51742670e+08 3.42907745e+08 3.34059248e+08 3.26080286e+08
 3.20004419e+08 3.16965086e+08 3.18102598e+08 3.24427859e+08
 3.36656805e+08 3.55047421e+08 3.79283610e+08 4.08447283e+08
 4.41097628e+08 4.75441972e+08 5.09552833e+08 5.41575625e+08
 5.69884022e+08 5.93165412e+08 6.10443493e+08 6.21059734e+08
 6.24638920e+08]","[0.23799333 0.24083114 0.24930313 0.26327779 0.28251222 0.30661756
 0.33501347 0.36687689 0.4010945  0.4362343  0.47055673 0.50208818
 0.52877326 0.54870478 0.56040131 0.56307292 0.55680079 0.54257138
 0.5221489  0.49782213 0.47209682 0.44740791 0.42590134 0.40930073
 0.39884631 0.3952795  0.39884631 0.40930073 0.42590134 0.44740791
 0.47209682 0.49782213 0.5221489  0.54257138 0.55680079 0.56307292
 0.56040131 0.54870478 0.52877326 0.50208818 0.47055673 0.4362343
 0.4010945  0.36687689 0.33501347 0.30661756 0.28251222 0.26327779
 0.24930313 0.24083114 0.23799333 0.24083114 0.24930313 0.26327779
 0.28251222 0.30661756 0.33501347 0.36687689 0.4010945  0.4362343
 0.47055673 0.50208818 0.52877326 0.54870478 0.56040131 0.56307292
 0.55680079 0.54257138 0.5221489  0.49782213 0.47209682 0.44740791
 0.42590134 0.40930073 0.39884631 0.3952795  0.39884631 0.40930073
 0.42590134 0.44740791 0.47209682 0.49782213 0.5221489  0.54257138
 0.55680079 0.56307292 0.56040131 0.54870478 0.52877326 0.50208818
 0.47055673 0.4362343  0.4010945  0.36687689 0.33501347 0.30661756
 0.28251222 0.26327779 0.24930313 0.24083114 0.23799333]"
63703,C2v,50,50,1111100000000000011111111111111110000000000001111111111000000000000111111111111111100000000000011111111110000000000001111111111111111000000000000111111111100000000000011111111111111110000000000001111111111100000000100111111111111111100100000000111111011111111111111101111111111111111011111111111111100111111111111111011111111111111110111111111111111001111111111111111111111111111111111111111111111110001111111111111111111111111111111111111111111111000011111111111111111111111111111111111111111111110000011111111111111111111111111111111111111111111000000111111111111111111111111111111111111111111110000001111111111111111111111111111111111111111111100000001111111111111111111111111111111111111111110000000011111111111111111111111111111111111111111100000000111111111111111111111111111111111111111111000000000111111111111111111111111111111111111111100000000001111111111111111111111111111111111111111000000000011111111111111111111111111111111111111110000000000000000011111111111111111111111111000000000000000000000000111111111111111111111111110000000000000000000000001111111111111111111111111100000000000000000000000011111111111111111111111111000000000000000000000000111111111111111111111111110000000000000000000000001111111111111111111111111100000000000000000000000011111111111111111111111111000000000000000000000000111111111111111111111111110000000000000000000000001111111111111111111111111100000000000000000000000011111111111111111111111111000000000000000000000000111111111111111111111111110000000000000000000000001111111111111111111111111100000000000000000111111111111111111111111111111111111111100000000001111111111111111111111111111111111111111000000000011111111111111111111111111111111111111110000000001111111111111111111111111111111111111111110000000011111111111111111111111111111111111111111100000000111111111111111111111111111111111111111111000000011111111111111111111111111111111111111111111000000111111111111111111111111111111111111111111110000001111111111111111111111111111111111111111111100000111111111111111111111111111111111111111111111100001111111111111111111111111111111111111111111111000111111111111111111111111111111111111111111111111001111111111111110111111111111111101111111111111110011111111111111101111111111111111011111111111111101111110000000010011111111111111110010000000011111111111000000000000111111111111111100000000000011111111110000000000001111111111111111000000000000111111111100000000000011111111111111110000000000001111111111000000000000111111111111111100000000000011111,Plane Strain,387414121.0,199035339.1,1045127566.0,0,0,253822526.7,1e-09,,2240000000,0.49253731,"[3.49509594e+08 3.51901606e+08 3.59041038e+08 3.70818429e+08
 3.87052517e+08 4.07492034e+08 4.31818272e+08 4.59648478e+08
 4.90540157e+08 5.23996368e+08 5.59472114e+08 5.96381963e+08
 6.34109040e+08 6.72015554e+08 7.09455035e+08 7.45786412e+08
 7.80389953e+08 8.12684824e+08 8.42147540e+08 8.68329780e+08
 8.90873060e+08 9.09516836e+08 9.24096449e+08 9.34528821e+08
 9.40787370e+08 9.42872475e+08 9.40787370e+08 9.34528821e+08
 9.24096449e+08 9.09516836e+08 8.90873060e+08 8.68329780e+08
 8.42147540e+08 8.12684824e+08 7.80389953e+08 7.45786412e+08
 7.09455035e+08 6.72015554e+08 6.34109040e+08 5.96381963e+08
 5.59472114e+08 5.23996368e+08 4.90540157e+08 4.59648478e+08
 4.31818272e+08 4.07492034e+08 3.87052517e+08 3.70818429e+08
 3.59041038e+08 3.51901606e+08 3.49509594e+08 3.51901606e+08
 3.59041038e+08 3.70818429e+08 3.87052517e+08 4.07492034e+08
 4.31818272e+08 4.59648478e+08 4.90540157e+08 5.23996368e+08
 5.59472114e+08 5.96381963e+08 6.34109040e+08 6.72015554e+08
 7.09455035e+08 7.45786412e+08 7.80389953e+08 8.12684824e+08
 8.42147540e+08 8.68329780e+08 8.90873060e+08 9.09516836e+08
 9.24096449e+08 9.34528821e+08 9.40787370e+08 9.42872475e+08
 9.40787370e+08 9.34528821e+08 9.24096449e+08 9.09516836e+08
 8.90873060e+08 8.68329780e+08 8.42147540e+08 8.12684824e+08
 7.80389953e+08 7.45786412e+08 7.09455035e+08 6.72015554e+08
 6.34109040e+08 5.96381963e+08 5.59472114e+08 5.23996368e+08
 4.90540157e+08 4.59648478e+08 4.31818272e+08 4.07492034e+08
 3.87052517e+08 3.70818429e+08 3.59041038e+08 3.51901606e+08
 3.49509594e+08]","[0.51375344 0.51062929 0.50152802 0.48720601 0.46875476 0.44741061
 0.42438003 0.40071675 0.37726036 0.35462614 0.3332278  0.31331567
 0.29501774 0.27837661 0.26337936 0.24997997 0.23811533 0.22771602
 0.21871327 0.21104315 0.20464898 0.19948252 0.19550445 0.19268442
 0.19100094 0.19044119 0.19100094 0.19268442 0.19550445 0.19948252
 0.20464898 0.21104315 0.21871327 0.22771602 0.23811533 0.24997997
 0.26337936 0.27837661 0.29501774 0.31331567 0.3332278  0.35462614
 0.37726036 0.40071675 0.42438003 0.44741061 0.46875476 0.48720601
 0.50152802 0.51062929 0.51375344 0.51062929 0.50152802 0.48720601
 0.46875476 0.44741061 0.42438003 0.40071675 0.37726036 0.35462614
 0.3332278  0.31331567 0.29501774 0.27837661 0.26337936 0.24997997
 0.23811533 0.22771602 0.21871327 0.21104315 0.20464898 0.19948252
 0.19550445 0.19268442 0.19100094 0.19044119 0.19100094 0.19268442
 0.19550445 0.19948252 0.20464898 0.21104315 0.21871327 0.22771602
 0.23811533 0.24997997 0.26337936 0.27837661 0.29501774 0.31331567
 0.3332278  0.35462614 0.37726036 0.40071675 0.42438003 0.44741061
 0.46875476 0.48720601 0.50152802 0.51062929 0.51375344]"
5291,C2v,50,50,0000001111111111110001111111100011111111111100000000000011111111111100011111111000111111111111000000000000111111111111000111111110001111111111110000000000001111111111110001111111100011111111111100000000000011111111111100011111111000111111111111000000000000111111111111110111111110111111111111110000000000001111111111111101111111101111111111111100000000000011111111111111111111111111111111111111000000001111111111111111111111111111111111111111111111000011111111111111111111111111111111111111111111110000111111111111111111111111111111111111111111111100111111111111111111111111111111111111111111111111111111111111111111111111111111111111111111111111111110111111111111111111111111111111111111111111111101101111111111111111111111111111111111111111111111010011111111111111111111111111111111111111111111110000111111111111111111111111111111111111111111111100001111111111111111111111111111111111111111111111000011111111111111111111111111111111111111111111110000011111111111111111111111111111111111111111111000000111111111111111111111111111111111111111111110000001111111111111111111111111111111111111111111100000001111111111111111111111111111111111111111110000000011111111111111111111111111111111111111111100000000111111111111111111111111111111111111111111000000001111111111111111111111111111111111111111110000000011111111111111111111111111111111111111111100000000111111111111111111111111111111111111111111000000011111111111111111111111111111111111111111111000000111111111111111111111111111111111111111111110000001111111111111111111111111111111111111111111100000111111111111111111111111111111111111111111111100001111111111111111111111111111111111111111111111000011111111111111111111111111111111111111111111110000111111111111111111111111111111111111111111111100101111111111111111111111111111111111111111111111011011111111111111111111111111111111111111111111110111111111111111111111111111111111111111111111111111111111111111111111111111111111111111111111111111110011111111111111111111111111111111111111111111110000111111111111111111111111111111111111111111111100001111111111111111111111111111111111111111111111000000001111111111111111111111111111111111111100000000000011111111111111011111111011111111111111000000000000111111111111110111111110111111111111110000000000001111111111110001111111100011111111111100000000000011111111111100011111111000111111111111000000000000111111111111000111111110001111111111110000000000001111111111110001111111100011111111111100000000000011111111111100011111111000111111111111000000,Plane Strain,627209416.9,178202557.2,1577415373.0,0,0,125040584.6,1e-09,,2240000000,0.49253731,"[6.07077655e+08 6.04193084e+08 5.95593142e+08 5.81453160e+08
 5.62113422e+08 5.38155511e+08 5.10516113e+08 4.80640517e+08
 4.50669222e+08 4.23630885e+08 4.03578497e+08 3.95554595e+08
 4.05225813e+08 4.38040054e+08 4.97906337e+08 5.85703919e+08
 6.98250620e+08 8.28384183e+08 9.66329684e+08 1.10180270e+09
 1.22592044e+09 1.33224642e+09 1.41687355e+09 1.47787690e+09
 1.51455851e+09 1.52678451e+09 1.51455851e+09 1.47787690e+09
 1.41687355e+09 1.33224642e+09 1.22592044e+09 1.10180270e+09
 9.66329684e+08 8.28384183e+08 6.98250620e+08 5.85703919e+08
 4.97906337e+08 4.38040054e+08 4.05225813e+08 3.95554595e+08
 4.03578497e+08 4.23630885e+08 4.50669222e+08 4.80640517e+08
 5.10516113e+08 5.38155511e+08 5.62113422e+08 5.81453160e+08
 5.95593142e+08 6.04193084e+08 6.07077655e+08 6.04193084e+08
 5.95593142e+08 5.81453160e+08 5.62113422e+08 5.38155511e+08
 5.10516113e+08 4.80640517e+08 4.50669222e+08 4.23630885e+08
 4.03578497e+08 3.95554595e+08 4.05225813e+08 4.38040054e+08
 4.97906337e+08 5.85703919e+08 6.98250620e+08 8.28384183e+08
 9.66329684e+08 1.10180270e+09 1.22592044e+09 1.33224642e+09
 1.41687355e+09 1.47787690e+09 1.51455851e+09 1.52678451e+09
 1.51455851e+09 1.47787690e+09 1.41687355e+09 1.33224642e+09
 1.22592044e+09 1.10180270e+09 9.66329684e+08 8.28384183e+08
 6.98250620e+08 5.85703919e+08 4.97906337e+08 4.38040054e+08
 4.05225813e+08 3.95554595e+08 4.03578497e+08 4.23630885e+08
 4.50669222e+08 4.80640517e+08 5.10516113e+08 5.38155511e+08
 5.62113422e+08 5.81453160e+08 5.95593142e+08 6.04193084e+08
 6.07077655e+08]","[0.28411971 0.29328389 0.32037372 0.36407957 0.42190845 0.48983049
 0.56204108 0.63111834 0.68883391 0.72763352 0.7423709  0.73154989
 0.6974644  0.64521629 0.58116939 0.51152967 0.44145759 0.37474912
 0.31391051 0.26041961 0.21502617 0.17801542 0.1494101  0.12911251
 0.11699785 0.11297123 0.11699785 0.12911251 0.1494101  0.17801542
 0.21502617 0.26041961 0.31391051 0.37474912 0.44145759 0.51152967
 0.58116939 0.64521629 0.6974644  0.73154989 0.7423709  0.72763352
 0.68883391 0.63111834 0.56204108 0.48983049 0.42190845 0.36407957
 0.32037372 0.29328389 0.28411971 0.29328389 0.32037372 0.36407957
 0.42190845 0.48983049 0.56204108 0.63111834 0.68883391 0.72763352
 0.7423709  0.73154989 0.6974644  0.64521629 0.58116939 0.51152967
 0.44145759 0.37474912 0.31391051 0.26041961 0.21502617 0.17801542
 0.1494101  0.12911251 0.11699785 0.11297123 0.11699785 0.12911251
 0.1494101  0.17801542 0.21502617 0.26041961 0.31391051 0.37474912
 0.44145759 0.51152967 0.58116939 0.64521629 0.6974644  0.73154989
 0.7423709  0.72763352 0.68883391 0.63111834 0.56204108 0.48983049
 0.42190845 0.36407957 0.32037372 0.29328389 0.28411971]"
78726,C2v,50,50,0000000000000000000011111111110000000000000000000000000000000000000000111111111100000000000000000000000000000000000000001111111111000000000000000000000000000000000000000011111111110000000000000000000000000000000000000000111111111100000000000000000000000000000000000000111111111111110000000000000000000000000000000000011111111111111110000000000000000000000000000000000111111111111111100000000000000000000000000000001111111111111111111111000000000000000000000000000011111111111111111111110000000000000000000000000001111111111111111111111110000000000000000000000000011111111111111111111111100000000000000000000011111111111111111111111111111111110000000000000000111111111111111111111111111111111100000000000000001111111111111111111111111111111111000000001100000111111111111111111111111111111111111000001111111111111111111111111111111111111111111111111111011111111111111111111110000111111111111111111111100011111111111111111111100001111111111111111111110000111111111111111111111000011111111111111111111100000000000111111111111110000111111111111110000000000000000000111111111111100001111111111111000000000000000000001111111111111000011111111111110000000000000000000011111111111110000111111111111100000000000000000000111111111111100001111111111111000000000000000000001111111111111000011111111111110000000000000000000011111111111110000111111111111100000000000000000000111111111111100001111111111111000000000000000000001111111111111000011111111111110000000000000000000111111111111110000111111111111110000000000011111111111111111111100001111111111111111111110000111111111111111111111000011111111111111111111100011111111111111111111110000111111111111111111111101111111111111111111111111111111111111111111111111111000001111111111111111111111111111111111110000011000000001111111111111111111111111111111111000000000000000011111111111111111111111111111111110000000000000000111111111111111111111111111111111100000000000000000000011111111111111111111111100000000000000000000000000111111111111111111111111000000000000000000000000000111111111111111111111100000000000000000000000000001111111111111111111111000000000000000000000000000000011111111111111110000000000000000000000000000000000111111111111111100000000000000000000000000000000000111111111111110000000000000000000000000000000000000011111111110000000000000000000000000000000000000000111111111100000000000000000000000000000000000000001111111111000000000000000000000000000000000000000011111111110000000000000000000000000000000000000000111111111100000000000000000000,Plane Strain,269967217.9,66802346.86,561800958.5,0,0,26313257.42,1e-09,,2240000000,0.49253731,"[2.62023918e+08 2.60229704e+08 2.54853278e+08 2.45921284e+08
 2.33506065e+08 2.17772004e+08 1.99048549e+08 1.77935390e+08
 1.55440292e+08 1.33135183e+08 1.13285641e+08 9.88624982e+07
 9.33022518e+07 9.99014324e+07 1.20882047e+08 1.56443262e+08
 2.04318265e+08 2.60197316e+08 3.18862750e+08 3.75446042e+08
 4.26250264e+08 4.68965273e+08 5.02443512e+08 5.26301981e+08
 5.40541985e+08 5.45270975e+08 5.40541985e+08 5.26301981e+08
 5.02443512e+08 4.68965273e+08 4.26250264e+08 3.75446042e+08
 3.18862750e+08 2.60197316e+08 2.04318265e+08 1.56443262e+08
 1.20882047e+08 9.99014324e+07 9.33022518e+07 9.88624982e+07
 1.13285641e+08 1.33135183e+08 1.55440292e+08 1.77935390e+08
 1.99048549e+08 2.17772004e+08 2.33506065e+08 2.45921284e+08
 2.54853278e+08 2.60229704e+08 2.62023918e+08 2.60229704e+08
 2.54853278e+08 2.45921284e+08 2.33506065e+08 2.17772004e+08
 1.99048549e+08 1.77935390e+08 1.55440292e+08 1.33135183e+08
 1.13285641e+08 9.88624982e+07 9.33022518e+07 9.99014324e+07
 1.20882047e+08 1.56443262e+08 2.04318265e+08 2.60197316e+08
 3.18862750e+08 3.75446042e+08 4.26250264e+08 4.68965273e+08
 5.02443512e+08 5.26301981e+08 5.40541985e+08 5.45270975e+08
 5.40541985e+08 5.26301981e+08 5.02443512e+08 4.68965273e+08
 4.26250264e+08 3.75446042e+08 3.18862750e+08 2.60197316e+08
 2.04318265e+08 1.56443262e+08 1.20882047e+08 9.99014324e+07
 9.33022518e+07 9.88624982e+07 1.13285641e+08 1.33135183e+08
 1.55440292e+08 1.77935390e+08 1.99048549e+08 2.17772004e+08
 2.33506065e+08 2.45921284e+08 2.54853278e+08 2.60229704e+08
 2.62023918e+08]","[0.24744614 0.25719307 0.28626332 0.33402747 0.39904652 0.47851781
 0.56763012 0.65909862 0.74332531 0.80963032 0.84857784 0.85462023
 0.82772362 0.77304675 0.6989449  0.61448275 0.52756067 0.44405801
 0.36779765 0.30093792 0.24447559 0.19869229 0.16348995 0.13861842
 0.12381883 0.1189075  0.12381883 0.13861842 0.16348995 0.19869229
 0.24447559 0.30093792 0.36779765 0.44405801 0.52756067 0.61448275
 0.6989449  0.77304675 0.82772362 0.85462023 0.84857784 0.80963032
 0.74332531 0.65909862 0.56763012 0.47851781 0.39904652 0.33402747
 0.28626332 0.25719307 0.24744614 0.25719307 0.28626332 0.33402747
 0.39904652 0.47851781 0.56763012 0.65909862 0.74332531 0.80963032
 0.84857784 0.85462023 0.82772362 0.77304675 0.6989449  0.61448275
 0.52756067 0.44405801 0.36779765 0.30093792 0.24447559 0.19869229
 0.16348995 0.13861842 0.12381883 0.1189075  0.12381883 0.13861842
 0.16348995 0.19869229 0.24447559 0.30093792 0.36779765 0.44405801
 0.52756067 0.61448275 0.6989449  0.77304675 0.82772362 0.85462023
 0.84857784 0.80963032 0.74332531 0.65909862 0.56763012 0.47851781
 0.39904652 0.33402747 0.28626332 0.25719307 0.24744614]"
39552,C2v,50,50,1111000000000000000000000000000000000000000000111111100000000000000000000000000000000000000000000111111000000000000000000000000000000000000000000001111110000000000000000000000000000000000000000000011111111111000000000000000000000000000000000011111111001111111111000000000000000000000000001111111111000011111111110000000000000000000000000011111111110000111111000000000000000000000000000000000011111100000111100000000000000000000000000000000000011110000000111000000000000000000000000000000000000111000000001110000000000000000000000000000000000001110000000011110000000000000000000000000000000000111100000000111111110000000000000000000000000011111111000000001111111111111111000000000011111111111111110000000001111111111111111110000111111111111111111000000000011111111111111111111111111111111111111110000000000111111111111111111111111111111111111111100000000011111111111111111111111111111111111111111100000000111111111111111111111111111111111111111111000000011111111111111111111111111111111111111111111000000111111111111111111111111111111111111111111110000011111111111111111111111111111111111111111111110000111111111111111111111111111111111111111111111100001111111111111111111111111111111111111111111111000011111111111111111111111111111111111111111111110000111111111111111111111111111111111111111111111100001111111111111111111111111111111111111111111111000011111111111111111111111111111111111111111111110000111111111111111111111111111111111111111111111100000111111111111111111111111111111111111111111110000001111111111111111111111111111111111111111111100000001111111111111111111111111111111111111111110000000011111111111111111111111111111111111111111100000000011111111111111111111111111111111111111110000000000111111111111111111111111111111111111111100000000001111111111111111110000111111111111111111000000000111111111111111100000000001111111111111111000000001111111100000000000000000000000000111111110000000011110000000000000000000000000000000000111100000000111000000000000000000000000000000000000111000000001110000000000000000000000000000000000001110000000111100000000000000000000000000000000000011110000011111100000000000000000000000000000000001111110000111111111100000000000000000000000000111111111100001111111111000000000000000000000000001111111111001111111100000000000000000000000000000000001111111111100000000000000000000000000000000000000000000111111000000000000000000000000000000000000000000001111110000000000000000000000000000000000000000000011111110000000000000000000000000000000000000000001111,Plane Strain,83996279.98,117857886.2,246651665.7,0,0,22772469.59,1e-09,,2240000000,0.49253731,"[27680092.93901318 28141570.6213131  29515009.06002304 31767496.79135355
 34844427.3035236  38669885.26182528 43147224.88964446 48159885.67726508
 53572515.51686755 59232507.5062856  64972108.6585125  70611331.62643036
 75961998.02947867 80833362.40277693 85039893.81153709 88411883.73120652
 90809508.35694945 92140628.2322889  92381700.12389657 91599425.41720332
 89968083.80227534 87774456.39984567 85400535.5267029  83276671.7237583
 81806788.35948162 81281469.03367671 81806788.35948168 83276671.72375844
 85400535.52670318 87774456.3998458  89968083.80227548 91599425.41720335
 92381700.12389666 92140628.23228881 90809508.3569494  88411883.73120643
 85039893.81153697 80833362.40277676 75961998.02947843 70611331.62643014
 64972108.65851229 59232507.50628536 53572515.5168673  48159885.67726484
 43147224.88964426 38669885.26182501 34844427.30352345 31767496.79135342
 29515009.06002298 28141570.62131305 27680092.93901318 28141570.6213131
 29515009.06002304 31767496.79135355 34844427.30352361 38669885.26182527
 43147224.88964444 48159885.67726508 53572515.51686751 59232507.50628562
 64972108.65851253 70611331.62643044 75961998.02947867 80833362.40277696
 85039893.81153715 88411883.73120652 90809508.35694952 92140628.23228888
 92381700.12389673 91599425.41720329 89968083.80227539 87774456.39984553
 85400535.52670293 83276671.72375832 81806788.35948162 81281469.03367671
 81806788.35948165 83276671.72375838 85400535.52670318 87774456.39984575
 89968083.8022755  91599425.41720329 92381700.12389661 92140628.23228888
 90809508.35694939 88411883.73120642 85039893.81153694 80833362.40277678
 75961998.0294784  70611331.62643017 64972108.65851229 59232507.50628532
 53572515.51686731 48159885.67726484 43147224.88964428 38669885.261825
 34844427.30352335 31767496.79135346 29515009.06002295 28141570.62131305
 27680092.93901318]","[1.40313221 1.39292738 1.3633329  1.31716584 1.25841417 1.19146963
 1.120463   1.04884008 0.97919272 0.91328164 0.85216596 0.79636937
 0.74603944 0.70107991 0.66125085 0.62623957 0.59570812 0.56932341
 0.54677516 0.52778573 0.51211487 0.4995613  0.48996252 0.48319394
 0.47916762 0.4778313  0.47916762 0.48319394 0.48996252 0.4995613
 0.51211487 0.52778573 0.54677516 0.56932341 0.59570812 0.62623957
 0.66125085 0.70107991 0.74603944 0.79636937 0.85216596 0.91328164
 0.97919272 1.04884008 1.120463   1.19146963 1.25841417 1.31716584
 1.3633329  1.39292738 1.40313221 1.39292738 1.3633329  1.31716584
 1.25841417 1.19146963 1.120463   1.04884008 0.97919272 0.91328164
 0.85216596 0.79636937 0.74603944 0.70107991 0.66125085 0.62623957
 0.59570812 0.56932341 0.54677516 0.52778573 0.51211487 0.4995613
 0.48996252 0.48319394 0.47916762 0.4778313  0.47916762 0.48319394
 0.48996252 0.4995613  0.51211487 0.52778573 0.54677516 0.56932341
 0.59570812 0.62623957 0.66125085 0.70107991 0.74603944 0.79636937
 0.85216596 0.91328164 0.97919272 1.04884008 1.120463   1.19146963
 1.25841417 1.31716584 1.3633329  1.39292738 1.40313221]"
1335,C2v,50,50,0011111111111111111111111111111111111111111111110001111111111111111111111111111111111111111111111110111111111111111111111000000001111111111111111111111111111111111111111100000000001111111111111111111111111111111111111111000000000011111111111111111111111111111111111111110000000000111111111111111111111111111111111111111000000000000111111111111111111111111111111111111110000000000001111111111111111111111111111111111111100000000000011111111111111111111111111111111111110000000000000011111111111111111111111111111111111100000000000000111111111111111111111111111111111110000000000000000111111111111111111111111111111111100000000000000001111111111111111111111111111111110000000000000000001111111111111111111111111111111000000000000000000001111111111111111111111111111100000000000000000000001111111111111111111111111110000000000000000000000001111111111111111111111110000000000000000000000000000111111111111111111110000000000000000000000000000000011111111111111111000000000000000000000000000000000011111111111111000000000000000000000000000000000000001111111111000000000000000000000000000000000000000000111111100000000000000000000000000000000000000000000111111000000000000000000000000000000000000000000001111111000000000000000000000000000000000000000000111111110000000000000000000000000000000000000000001111111000000000000000000000000000000000000000000001111110000000000000000000000000000000000000000000011111110000000000000000000000000000000000000000001111111111000000000000000000000000000000000000001111111111111100000000000000000000000000000000001111111111111111100000000000000000000000000000000111111111111111111110000000000000000000000000000111111111111111111111111000000000000000000000000111111111111111111111111111000000000000000000000011111111111111111111111111111000000000000000000001111111111111111111111111111111000000000000000000111111111111111111111111111111111000000000000000011111111111111111111111111111111110000000000000000111111111111111111111111111111111110000000000000011111111111111111111111111111111111100000000000000111111111111111111111111111111111111100000000000011111111111111111111111111111111111111000000000000111111111111111111111111111111111111110000000000001111111111111111111111111111111111111110000000000111111111111111111111111111111111111111100000000001111111111111111111111111111111111111111000000000011111111111111111111111111111111111111111000000001111111111111111111110111111111111111111111111111111111111111111111111000111111111111111111111111111111111111111111111100,Plane Strain,375582950.8,62966942.35,510883259.8,0,0,50430760.82,1e-09,,2240000000,0.49253731,"[3.67822204e+08 3.65566149e+08 3.58815455e+08 3.47634480e+08
 3.32171487e+08 3.12723485e+08 2.89831057e+08 2.64399783e+08
 2.37830939e+08 2.12119303e+08 1.89844310e+08 1.73962275e+08
 1.67339526e+08 1.72080972e+08 1.88874460e+08 2.16662949e+08
 2.52844705e+08 2.93922691e+08 3.36294071e+08 3.76863102e+08
 4.13332146e+08 4.44207489e+08 4.68641334e+08 4.86224493e+08
 4.96799966e+08 5.00326775e+08 4.96799966e+08 4.86224493e+08
 4.68641334e+08 4.44207489e+08 4.13332146e+08 3.76863102e+08
 3.36294071e+08 2.93922691e+08 2.52844705e+08 2.16662949e+08
 1.88874460e+08 1.72080972e+08 1.67339526e+08 1.73962275e+08
 1.89844310e+08 2.12119303e+08 2.37830939e+08 2.64399783e+08
 2.89831057e+08 3.12723485e+08 3.32171487e+08 3.47634480e+08
 3.58815455e+08 3.65566149e+08 3.67822204e+08 3.65566149e+08
 3.58815455e+08 3.47634480e+08 3.32171487e+08 3.12723485e+08
 2.89831057e+08 2.64399783e+08 2.37830939e+08 2.12119303e+08
 1.89844310e+08 1.73962275e+08 1.67339526e+08 1.72080972e+08
 1.88874460e+08 2.16662949e+08 2.52844705e+08 2.93922691e+08
 3.36294071e+08 3.76863102e+08 4.13332146e+08 4.44207489e+08
 4.68641334e+08 4.86224493e+08 4.96799966e+08 5.00326775e+08
 4.96799966e+08 4.86224493e+08 4.68641334e+08 4.44207489e+08
 4.13332146e+08 3.76863102e+08 3.36294071e+08 2.93922691e+08
 2.52844705e+08 2.16662949e+08 1.88874460e+08 1.72080972e+08
 1.67339526e+08 1.73962275e+08 1.89844310e+08 2.12119303e+08
 2.37830939e+08 2.64399783e+08 2.89831057e+08 3.12723485e+08
 3.32171487e+08 3.47634480e+08 3.58815455e+08 3.65566149e+08
 3.67822204e+08]","[0.16765123 0.17426486 0.19402123 0.2266143  0.27135829 0.32692771
 0.39102117 0.46002554 0.5288338  0.5910384  0.63969781 0.66866491
 0.67410169 0.65552777 0.61587188 0.56051572 0.49584053 0.42791197
 0.36167945 0.30071948 0.24735064 0.20291753 0.16810072 0.1431804
 0.12823136 0.12325114 0.12823136 0.1431804  0.16810072 0.20291753
 0.24735064 0.30071948 0.36167945 0.42791197 0.49584053 0.56051572
 0.61587188 0.65552777 0.67410169 0.66866491 0.63969781 0.5910384
 0.5288338  0.46002554 0.39102117 0.32692771 0.27135829 0.2266143
 0.19402123 0.17426486 0.16765123 0.17426486 0.19402123 0.2266143
 0.27135829 0.32692771 0.39102117 0.46002554 0.5288338  0.5910384
 0.63969781 0.66866491 0.67410169 0.65552777 0.61587188 0.56051572
 0.49584053 0.42791197 0.36167945 0.30071948 0.24735064 0.20291753
 0.16810072 0.1431804  0.12823136 0.12325114 0.12823136 0.1431804
 0.16810072 0.20291753 0.24735064 0.30071948 0.36167945 0.42791197
 0.49584053 0.56051572 0.61587188 0.65552777 0.67410169 0.66866491
 0.63969781 0.5910384  0.5288338  0.46002554 0.39102117 0.32692771
 0.27135829 0.2266143  0.19402123 0.17426486 0.16765123]"
71785,C2v,50,50,1111111111111111111111111111111111111111111111111111111111111111111111111111111111111111111111111111011111111111111111111111111111111111111111111111100111111111111111111111111111111111111111111111111001111111111111111111111111111111111111111111111110001111100011111111111111111111111111111100011111000011110000011111111111111111111111111110000011110000111100000111111111111111111111111111100000111100000111000001111111111111111111111111111000001110000000000000001111111111111111111111111100000000000000000000000011111111111111111111111111000000000000000000000000111111111111111111111111110000000000000000000000000111111111111111111111111000000000000000000000000001111111111111111111111110000000000000000000000000011111111111111111111111100000000000000000000000000111111111111111111111111000000000000000000000000001111111111111111111111110000000000000000000000000011111111111111111111111100000000000000000000000000111111111111111111111111000000000000000000000000001111111111111111111111110000000000000000000000000011111111111111111111111100000000000000000000000011111111111111111111111111110000000000000000000000111111111111111111111111111100000000000000000000001111111111111111111111111111000000000000000000000111111111111111111111111111111000000000000000000001111111111111111111111111111110000000000000000000001111111111111111111111111111000000000000000000000011111111111111111111111111110000000000000000000000111111111111111111111111111100000000000000000000000011111111111111111111111100000000000000000000000000111111111111111111111111000000000000000000000000001111111111111111111111110000000000000000000000000011111111111111111111111100000000000000000000000000111111111111111111111111000000000000000000000000001111111111111111111111110000000000000000000000000011111111111111111111111100000000000000000000000000111111111111111111111111000000000000000000000000001111111111111111111111110000000000000000000000000111111111111111111111111110000000000000000000000001111111111111111111111111100000000000000000000000011111111111111111111111111000000000000000111000001111111111111111111111111111000001110000011110000011111111111111111111111111110000011110000111100000111111111111111111111111111100000111100001111100011111111111111111111111111111100011111000111111111111111111111111111111111111111111111111001111111111111111111111111111111111111111111111110011111111111111111111111111111111111111111111111101111111111111111111111111111111111111111111111111111111111111111111111111111111111111111111111111111,Plane Strain,427298198.8,98069723.52,1046879316.0,0,0,61879659.36,1e-09,,2240000000,0.49253731,"[4.18111208e+08 4.15671040e+08 4.08370522e+08 3.96280710e+08
 3.79558651e+08 3.58510863e+08 3.33692506e+08 3.06049418e+08
 2.77104640e+08 2.49173740e+08 2.25556181e+08 2.10589331e+08
 2.09384522e+08 2.27053624e+08 2.67387231e+08 3.31316847e+08
 4.15898612e+08 5.14553326e+08 6.18642580e+08 7.19609554e+08
 8.10649125e+08 8.87360905e+08 9.47510396e+08 9.90349133e+08
 1.01589353e+09 1.02437122e+09 1.01589353e+09 9.90349133e+08
 9.47510396e+08 8.87360905e+08 8.10649125e+08 7.19609554e+08
 6.18642580e+08 5.14553326e+08 4.15898612e+08 3.31316847e+08
 2.67387231e+08 2.27053624e+08 2.09384522e+08 2.10589331e+08
 2.25556181e+08 2.49173740e+08 2.77104640e+08 3.06049418e+08
 3.33692506e+08 3.58510863e+08 3.79558651e+08 3.96280710e+08
 4.08370522e+08 4.15671040e+08 4.18111208e+08 4.15671040e+08
 4.08370522e+08 3.96280710e+08 3.79558651e+08 3.58510863e+08
 3.33692506e+08 3.06049418e+08 2.77104640e+08 2.49173740e+08
 2.25556181e+08 2.10589331e+08 2.09384522e+08 2.27053624e+08
 2.67387231e+08 3.31316847e+08 4.15898612e+08 5.14553326e+08
 6.18642580e+08 7.19609554e+08 8.10649125e+08 8.87360905e+08
 9.47510396e+08 9.90349133e+08 1.01589353e+09 1.02437122e+09
 1.01589353e+09 9.90349133e+08 9.47510396e+08 8.87360905e+08
 8.10649125e+08 7.19609554e+08 6.18642580e+08 5.14553326e+08
 4.15898612e+08 3.31316847e+08 2.67387231e+08 2.27053624e+08
 2.09384522e+08 2.10589331e+08 2.25556181e+08 2.49173740e+08
 2.77104640e+08 3.06049418e+08 3.33692506e+08 3.58510863e+08
 3.79558651e+08 3.96280710e+08 4.08370522e+08 4.15671040e+08
 4.18111208e+08]","[0.2295112  0.23988281 0.27072905 0.32110553 0.38899094 0.47069258
 0.56024819 0.64919237 0.72717442 0.78372913 0.81085952 0.80531791
 0.76934132 0.70947189 0.63425377 0.55202257 0.46954886 0.3916084
 0.32116274 0.25979453 0.20816454 0.1663865  0.13429713 0.11163514
 0.09815235 0.09367816 0.09815235 0.11163514 0.13429713 0.1663865
 0.20816454 0.25979453 0.32116274 0.3916084  0.46954886 0.55202257
 0.63425377 0.70947189 0.76934132 0.80531791 0.81085952 0.78372913
 0.72717442 0.64919237 0.56024819 0.47069258 0.38899094 0.32110553
 0.27072905 0.23988281 0.2295112  0.23988281 0.27072905 0.32110553
 0.38899094 0.47069258 0.56024819 0.64919237 0.72717442 0.78372913
 0.81085952 0.80531791 0.76934132 0.70947189 0.63425377 0.55202257
 0.46954886 0.3916084  0.32116274 0.25979453 0.20816454 0.1663865
 0.13429713 0.11163514 0.09815235 0.09367816 0.09815235 0.11163514
 0.13429713 0.1663865  0.20816454 0.25979453 0.32116274 0.3916084
 0.46954886 0.55202257 0.63425377 0.70947189 0.76934132 0.80531791
 0.81085952 0.78372913 0.72717442 0.64919237 0.56024819 0.47069258
 0.38899094 0.32110553 0.27072905 0.23988281 0.2295112 ]"
56206,C2v,50,50,0000000000000000001111111111111100000000000000000000000000000000000011111111111111000000000000000000000000000000000000111111111111110000000000000000000000000000000000001111111111111100000000000000000000000000000001111111111111111111111110000000000000000000000000011111111111111111111111100000000000000000000000000111111111111111111111111000000000000000000000111111111111111111111111111111111100000000000000001111111111111111111111111111111111000000000000000011111111111111111111111111111111110000000011111111111111111111111111111111111111111111111111111111111111111111111111111111111111111111111111110001111111111111111111111111111111111111111111100000011111111111111111111111111111111111111111111000000111111111111111111111111111111111111111111110000001111111111111111111111111111111111111111111100000011111111111111111111111111111111111111111111000000111111111111111111111111111111111111111111110000001111111111111111111111111111111111111111111100000011111111111111111111111111111111111111111111000000111111111111111111111111111111111111111111110000001111111111111111111111111111111111111111111100000011111111111111111111111111111111111111111111000000111111111111111111111111111111111111111111110000001111111111111111111111111111111111111111111100000011111111111111111111111111111111111111111111000000111111111111111111111111111111111111111111110000001111111111111111111111111111111111111111111100000011111111111111111111111111111111111111111111000000111111111111111111111111111111111111111111110000001111111111111111111111111111111111111111111100000011111111111111111111111111111111111111111111000000111111111111111111111111111111111111111111110000001111111111111111111111111111111111111111111100000011111111111111111111111111111111111111111111000000111111111111111111111111111111111111111111110000001111111111111111111111111111111111111111111100000011111111111111111111111111111111111111111111000111111111111111111111111111111111111111111111111111111111111111111111111111111111111111111111111111100000000111111111111111111111111111111111100000000000000001111111111111111111111111111111111000000000000000011111111111111111111111111111111110000000000000000000001111111111111111111111110000000000000000000000000011111111111111111111111100000000000000000000000000111111111111111111111111000000000000000000000000000000011111111111111000000000000000000000000000000000000111111111111110000000000000000000000000000000000001111111111111100000000000000000000000000000000000011111111111111000000000000000000,Plane Strain,412420371.6,54733927.74,818538337.2,0,0,44597269.73,1e-09,,2240000000,0.49253731,"[4.08760430e+08 4.06118666e+08 3.98193814e+08 3.84999164e+08
 3.66599116e+08 3.43180584e+08 3.15168207e+08 2.83394945e+08
 2.49332504e+08 2.15361262e+08 1.85004626e+08 1.62965070e+08
 1.54716213e+08 1.65440588e+08 1.98404618e+08 2.53398314e+08
 3.26196905e+08 4.09574928e+08 4.95383544e+08 5.76547654e+08
 6.48133550e+08 7.07406049e+08 7.53290867e+08 7.85690563e+08
 8.04910800e+08 8.11274383e+08 8.04910800e+08 7.85690563e+08
 7.53290867e+08 7.07406049e+08 6.48133550e+08 5.76547654e+08
 4.95383544e+08 4.09574928e+08 3.26196905e+08 2.53398314e+08
 1.98404618e+08 1.65440588e+08 1.54716213e+08 1.62965070e+08
 1.85004626e+08 2.15361262e+08 2.49332504e+08 2.83394945e+08
 3.15168207e+08 3.43180584e+08 3.66599116e+08 3.84999164e+08
 3.98193814e+08 4.06118666e+08 4.08760430e+08 4.06118666e+08
 3.98193814e+08 3.84999164e+08 3.66599116e+08 3.43180584e+08
 3.15168207e+08 2.83394945e+08 2.49332504e+08 2.15361262e+08
 1.85004626e+08 1.62965070e+08 1.54716213e+08 1.65440588e+08
 1.98404618e+08 2.53398314e+08 3.26196905e+08 4.09574928e+08
 4.95383544e+08 5.76547654e+08 6.48133550e+08 7.07406049e+08
 7.53290867e+08 7.85690563e+08 8.04910800e+08 8.11274383e+08
 8.04910800e+08 7.85690563e+08 7.53290867e+08 7.07406049e+08
 6.48133550e+08 5.76547654e+08 4.95383544e+08 4.09574928e+08
 3.26196905e+08 2.53398314e+08 1.98404618e+08 1.65440588e+08
 1.54716213e+08 1.62965070e+08 1.85004626e+08 2.15361262e+08
 2.49332504e+08 2.83394945e+08 3.15168207e+08 3.43180584e+08
 3.66599116e+08 3.84999164e+08 3.98193814e+08 4.06118666e+08
 4.08760430e+08]","[0.13271393 0.14242028 0.17148139 0.21960708 0.28591788 0.36834348
 0.46283808 0.56264134 0.65806374 0.73742359 0.78945117 0.80652847
 0.7871512  0.7361256  0.66246426 0.57637368 0.48686076 0.40060235
 0.32187123 0.25300918 0.19503439 0.14817125 0.11223891 0.08690804
 0.07185831 0.06686789 0.07185831 0.08690804 0.11223891 0.14817125
 0.19503439 0.25300918 0.32187123 0.40060235 0.48686076 0.57637368
 0.66246426 0.7361256  0.7871512  0.80652847 0.78945117 0.73742359
 0.65806374 0.56264134 0.46283808 0.36834348 0.28591788 0.21960708
 0.17148139 0.14242028 0.13271393 0.14242028 0.17148139 0.21960708
 0.28591788 0.36834348 0.46283808 0.56264134 0.65806374 0.73742359
 0.78945117 0.80652847 0.7871512  0.7361256  0.66246426 0.57637368
 0.48686076 0.40060235 0.32187123 0.25300918 0.19503439 0.14817125
 0.11223891 0.08690804 0.07185831 0.06686789 0.07185831 0.08690804
 0.11223891 0.14817125 0.19503439 0.25300918 0.32187123 0.40060235
 0.48686076 0.57637368 0.66246426 0.7361256  0.7871512  0.80652847
 0.78945117 0.73742359 0.65806374 0.56264134 0.46283808 0.36834348
 0.28591788 0.21960708 0.17148139 0.14242028 0.13271393]"
41143,C2v,50,50,1111000000000000011111111111111110000000000000111111110000000000000111111111111111100000000000001111111100000000000001111111111111111000000000000011111111000000000000011111111111111110000000000000111111111000000000001111111111111111110000000000011111001111111111111111111111111111111111111111111111000001111111111111111111111111111111111111111111100000011111111111111111111111111111111111111111111000000111111111111111111111111111111111111111111110000000000000111111111111111111111111111111000000000000000000001111111111111111111111111111110000000000000000000011111111111111111111111111111100000000000000000000111111111111111111111111111111000000000000000000001111111111111111111111111111110000000000000000000011111111111111111111111111111100000000000000000000111111111111111111111111111111000000000000000000001111111111111111111111111111110000000000000000000011111111111111111111111111111100000000000000000000111111111111111111111111111111000000000000000000001111111111111111111111111111110000000000000000000011111111111111111111111111111100000000000000000001111111111111111111111111111111100000000000000000011111111111111111111111111111111000000000000000001111111111111111111111111111111111000000000000000011111111111111111111111111111111110000000000000000111111111111111111111111111111111100000000000000001111111111111111111111111111111111000000000000000001111111111111111111111111111111100000000000000000011111111111111111111111111111111000000000000000000011111111111111111111111111111100000000000000000000111111111111111111111111111111000000000000000000001111111111111111111111111111110000000000000000000011111111111111111111111111111100000000000000000000111111111111111111111111111111000000000000000000001111111111111111111111111111110000000000000000000011111111111111111111111111111100000000000000000000111111111111111111111111111111000000000000000000001111111111111111111111111111110000000000000000000011111111111111111111111111111100000000000000000000111111111111111111111111111111000000000000000000001111111111111111111111111111110000000000000111111111111111111111111111111111111111111110000001111111111111111111111111111111111111111111100000011111111111111111111111111111111111111111111000001111111111111111111111111111111111111111111111001111100000000000111111111111111111000000000001111111110000000000000111111111111111100000000000001111111100000000000001111111111111111000000000000011111111000000000000011111111111111110000000000000111111110000000000000111111111111111100000000000001111,Plane Strain,285199760.7,106784420.1,948076642.9,0,0,79173112.2,1e-09,,2240000000,0.49253731,"[2.73172344e+08 2.72322907e+08 2.69806816e+08 2.65725810e+08
 2.60266717e+08 2.53728523e+08 2.46562099e+08 2.39423106e+08
 2.33236035e+08 2.29261643e+08 2.29149460e+08 2.34940860e+08
 2.48969628e+08 2.73597819e+08 3.10748556e+08 3.61280023e+08
 4.24380446e+08 4.97274417e+08 5.75485896e+08 6.53650243e+08
 7.26556400e+08 7.89983759e+08 8.41063851e+08 8.78180009e+08
 9.00604265e+08 9.08094448e+08 9.00604265e+08 8.78180009e+08
 8.41063851e+08 7.89983759e+08 7.26556400e+08 6.53650243e+08
 5.75485896e+08 4.97274417e+08 4.24380446e+08 3.61280023e+08
 3.10748556e+08 2.73597819e+08 2.48969628e+08 2.34940860e+08
 2.29149460e+08 2.29261643e+08 2.33236035e+08 2.39423106e+08
 2.46562099e+08 2.53728523e+08 2.60266717e+08 2.65725810e+08
 2.69806816e+08 2.72322907e+08 2.73172344e+08 2.72322907e+08
 2.69806816e+08 2.65725810e+08 2.60266717e+08 2.53728523e+08
 2.46562099e+08 2.39423106e+08 2.33236035e+08 2.29261643e+08
 2.29149460e+08 2.34940860e+08 2.48969628e+08 2.73597819e+08
 3.10748556e+08 3.61280023e+08 4.24380446e+08 4.97274417e+08
 5.75485896e+08 6.53650243e+08 7.26556400e+08 7.89983759e+08
 8.41063851e+08 8.78180009e+08 9.00604265e+08 9.08094448e+08
 9.00604265e+08 8.78180009e+08 8.41063851e+08 7.89983759e+08
 7.26556400e+08 6.53650243e+08 5.75485896e+08 4.97274417e+08
 4.24380446e+08 3.61280023e+08 3.10748556e+08 2.73597819e+08
 2.48969628e+08 2.34940860e+08 2.29149460e+08 2.29261643e+08
 2.33236035e+08 2.39423106e+08 2.46562099e+08 2.53728523e+08
 2.60266717e+08 2.65725810e+08 2.69806816e+08 2.72322907e+08
 2.73172344e+08]","[0.37441974 0.38429853 0.41319477 0.45880393 0.51706803 0.58206738
 0.64626671 0.70135598 0.73968548 0.75589822 0.74808507 0.71792991
 0.66983823 0.60954205 0.54278956 0.47448871 0.40835639 0.34693381
 0.29178965 0.24377697 0.20326997 0.17035236 0.14495457 0.12694751
 0.11620342 0.11263269 0.11620342 0.12694751 0.14495457 0.17035236
 0.20326997 0.24377697 0.29178965 0.34693381 0.40835639 0.47448871
 0.54278956 0.60954205 0.66983823 0.71792991 0.74808507 0.75589822
 0.73968548 0.70135598 0.64626671 0.58206738 0.51706803 0.45880393
 0.41319477 0.38429853 0.37441974 0.38429853 0.41319477 0.45880393
 0.51706803 0.58206738 0.64626671 0.70135598 0.73968548 0.75589822
 0.74808507 0.71792991 0.66983823 0.60954205 0.54278956 0.47448871
 0.40835639 0.34693381 0.29178965 0.24377697 0.20326997 0.17035236
 0.14495457 0.12694751 0.11620342 0.11263269 0.11620342 0.12694751
 0.14495457 0.17035236 0.20326997 0.24377697 0.29178965 0.34693381
 0.40835639 0.47448871 0.54278956 0.60954205 0.66983823 0.71792991
 0.74808507 0.75589822 0.73968548 0.70135598 0.64626671 0.58206738
 0.51706803 0.45880393 0.41319477 0.38429853 0.37441974]"
53885,C2v,50,50,1111111111111000000000000000000000000111111111111111111111111110000000000000000000000001111111111111111111111111110000000000000000000000111111111111111111111111111111110000000000000011111111111111111111111111111111111100000000000000111111111111111111111111111111111111000000000000001111111111111111111111111111111111110000000000000011111111111111111111111111111111111100000000000000111111111111111111111111111111111111111110000111111111111111111111111111111111111111111111100001111111111111111111111111111111111111111111111000011111111111111111111111111111111111111111111110000111111111111111111111111111111111111111111111100001111111111111111111111111111111111111111111111000011111111111111111111111111111111111111111111110000111111111111111111111111111111111111111111111100001111111111111111111111111111111111111111111111111111111111111111111111111111111111111111111111111111111111111111111111111111111111111111111111111111111111111111111111111111111111111111111111111111111111111111111111111111111111111111111111111111111111111111111111111111111111111111111111111111111111111111111111111111111111111111111111111111111111111111111111111111111111111111111111111111111111111111111111111111111111111111111111111111111111111111111111111111111111111111111111111111111111111111111111111111111111111111111111111111111111111111111111111111111111111111111111111111111111111111111111111111111111111111111111111111111111111111111111111111111111111111111111111111111111111111111111111111111111111111111111111111111111111111111111111111111111111111111111111111111111111111111111111111111111111111111111111111111111111111111111111111111111111111111111111111111111111111111111111111111111111111111111111111111111111111111111111111111111000011111111111111111111111111111111111111111111110000111111111111111111111111111111111111111111111100001111111111111111111111111111111111111111111111000011111111111111111111111111111111111111111111110000111111111111111111111111111111111111111111111100001111111111111111111111111111111111111111111111000011111111111111111111111111111111111111111111110000111111111111111111111111111111111111111110000000000000011111111111111111111111111111111111100000000000000111111111111111111111111111111111111000000000000001111111111111111111111111111111111110000000000000011111111111111111111111111111111111100000000000000111111111111111111111111111111110000000000000000000000111111111111111111111111111000000000000000000000000111111111111111111111111110000000000000000000000001111111111111,Plane Strain,1116696358.0,365392928.6,1437587751.0,0,0,412996760.9,1e-09,,2240000000,0.49253731,"[1.02382412e+09 1.02394716e+09 1.02435312e+09 1.02515098e+09
 1.02651696e+09 1.02868605e+09 1.03193936e+09 1.03658697e+09
 1.04294605e+09 1.05131450e+09 1.06194118e+09 1.07499466e+09
 1.09053325e+09 1.10847986e+09 1.12860511e+09 1.15052207e+09
 1.17369427e+09 1.19745739e+09 1.22105272e+09 1.24366924e+09
 1.26448987e+09 1.28273755e+09 1.29771747e+09 1.30885263e+09
 1.31571160e+09 1.31802795e+09 1.31571160e+09 1.30885263e+09
 1.29771747e+09 1.28273755e+09 1.26448987e+09 1.24366924e+09
 1.22105272e+09 1.19745739e+09 1.17369427e+09 1.15052207e+09
 1.12860511e+09 1.10847986e+09 1.09053325e+09 1.07499466e+09
 1.06194118e+09 1.05131450e+09 1.04294605e+09 1.03658697e+09
 1.03193936e+09 1.02868605e+09 1.02651696e+09 1.02515098e+09
 1.02435312e+09 1.02394716e+09 1.02382412e+09 1.02394716e+09
 1.02435312e+09 1.02515098e+09 1.02651696e+09 1.02868605e+09
 1.03193936e+09 1.03658697e+09 1.04294605e+09 1.05131450e+09
 1.06194118e+09 1.07499466e+09 1.09053325e+09 1.10847986e+09
 1.12860511e+09 1.15052207e+09 1.17369427e+09 1.19745739e+09
 1.22105272e+09 1.24366924e+09 1.26448987e+09 1.28273755e+09
 1.29771747e+09 1.30885263e+09 1.31571160e+09 1.31802795e+09
 1.31571160e+09 1.30885263e+09 1.29771747e+09 1.28273755e+09
 1.26448987e+09 1.24366924e+09 1.22105272e+09 1.19745739e+09
 1.17369427e+09 1.15052207e+09 1.12860511e+09 1.10847986e+09
 1.09053325e+09 1.07499466e+09 1.06194118e+09 1.05131450e+09
 1.04294605e+09 1.03658697e+09 1.03193936e+09 1.02868605e+09
 1.02651696e+09 1.02515098e+09 1.02435312e+09 1.02394716e+09
 1.02382412e+09]","[0.32720885 0.32763842 0.32888003 0.3307959  0.33316818 0.33571612
 0.3381188  0.34004205 0.3411673  0.34121977 0.33999298 0.33736705
 0.33331869 0.32792216 0.3213416  0.31381627 0.30564117 0.29714551
 0.28867153 0.28055538 0.27311131 0.26661946 0.26131708 0.25739283
 0.25498326 0.25417087 0.25498326 0.25739283 0.26131708 0.26661946
 0.27311131 0.28055538 0.28867153 0.29714551 0.30564117 0.31381627
 0.3213416  0.32792216 0.33331869 0.33736705 0.33999298 0.34121977
 0.3411673  0.34004205 0.3381188  0.33571612 0.33316818 0.3307959
 0.32888003 0.32763842 0.32720885 0.32763842 0.32888003 0.3307959
 0.33316818 0.33571612 0.3381188  0.34004205 0.3411673  0.34121977
 0.33999298 0.33736705 0.33331869 0.32792216 0.3213416  0.31381627
 0.30564117 0.29714551 0.28867153 0.28055538 0.27311131 0.26661946
 0.26131708 0.25739283 0.25498326 0.25417087 0.25498326 0.25739283
 0.26131708 0.26661946 0.27311131 0.28055538 0.28867153 0.29714551
 0.30564117 0.31381627 0.3213416  0.32792216 0.33331869 0.33736705
 0.33999298 0.34121977 0.3411673  0.34004205 0.3381188  0.33571612
 0.33316818 0.3307959  0.32888003 0.32763842 0.32720885]"
62520,C2v,50,50,0000000000000000001111111111111100000000000000000000000000000000000011111111111111000000000000000000000000000000000000111111111111110000000000000000000000000001111111111111111111111111111111100000000000000000111111111111111111111111111111111100000000000000001111111111111111111111111111111111000000000001111111111111111111111111111111111111111111100000111111111111111111111111111111111111111111111100000111111111111111111111111111111111111111111110000001111111111111111111111111111111111111111111100000011111111111111111111111111111111111111111111000000111111111111111111111111111111111111111111110000001111111111111111111111111111111111111111111100000011111111111111111111111111111111111111111111000000111111111111111111111111111111111111111111110000001111111111111111111111111111111111111111111100000011111111111111111111111111111111111111111111000001111111111111111111111111111111111111111111111001111111111111111111111111111111111111111111111111111111111111111111111111111111111111111111111111111111111111111111111111111111111111111111111111111111111111111111111111111111111111111111111111111111100111111111111111111111111111111111111111111111100000111111111111111111111111111111111111111111110000000000011111111111111111111111111111111110000000000000000111111111111111111111111111111111100000000000111111111111111111111111111111111111111111110000011111111111111111111111111111111111111111111110011111111111111111111111111111111111111111111111111111111111111111111111111111111111111111111111111111111111111111111111111111111111111111111111111111111111111111111111111111111111111111111111111111111001111111111111111111111111111111111111111111111000001111111111111111111111111111111111111111111100000011111111111111111111111111111111111111111111000000111111111111111111111111111111111111111111110000001111111111111111111111111111111111111111111100000011111111111111111111111111111111111111111111000000111111111111111111111111111111111111111111110000001111111111111111111111111111111111111111111100000011111111111111111111111111111111111111111111000000111111111111111111111111111111111111111111110000011111111111111111111111111111111111111111111110000011111111111111111111111111111111111111111111000000000001111111111111111111111111111111111000000000000000011111111111111111111111111111111110000000000000000011111111111111111111111111111111000000000000000000000000000111111111111110000000000000000000000000000000000001111111111111100000000000000000000000000000000000011111111111111000000000000000000,Plane Strain,751527106.5,162309618.2,871348025.4,0,0,177810477.2,1e-09,,2240000000,0.49253731,"[7.21293019e+08 7.18495790e+08 7.10193785e+08 6.96666402e+08
 6.78412437e+08 6.56194534e+08 6.31089042e+08 6.04525333e+08
 5.78291160e+08 5.54475565e+08 5.35323903e+08 5.22996997e+08
 5.19259877e+08 5.25165709e+08 5.40826093e+08 5.65347752e+08
 5.96963810e+08 6.33318947e+08 6.71818902e+08 7.09949237e+08
 7.45500431e+08 7.76681674e+08 8.02141187e+08 8.20927304e+08
 8.32424866e+08 8.36293518e+08 8.32424866e+08 8.20927304e+08
 8.02141187e+08 7.76681674e+08 7.45500431e+08 7.09949237e+08
 6.71818902e+08 6.33318947e+08 5.96963810e+08 5.65347752e+08
 5.40826093e+08 5.25165709e+08 5.19259877e+08 5.22996997e+08
 5.35323903e+08 5.54475565e+08 5.78291160e+08 6.04525333e+08
 6.31089042e+08 6.56194534e+08 6.78412437e+08 6.96666402e+08
 7.10193785e+08 7.18495790e+08 7.21293019e+08 7.18495790e+08
 7.10193785e+08 6.96666402e+08 6.78412437e+08 6.56194534e+08
 6.31089042e+08 6.04525333e+08 5.78291160e+08 5.54475565e+08
 5.35323903e+08 5.22996997e+08 5.19259877e+08 5.25165709e+08
 5.40826093e+08 5.65347752e+08 5.96963810e+08 6.33318947e+08
 6.71818902e+08 7.09949237e+08 7.45500431e+08 7.76681674e+08
 8.02141187e+08 8.20927304e+08 8.32424866e+08 8.36293518e+08
 8.32424866e+08 8.20927304e+08 8.02141187e+08 7.76681674e+08
 7.45500431e+08 7.09949237e+08 6.71818902e+08 6.33318947e+08
 5.96963810e+08 5.65347752e+08 5.40826093e+08 5.25165709e+08
 5.19259877e+08 5.22996997e+08 5.35323903e+08 5.54475565e+08
 5.78291160e+08 6.04525333e+08 6.31089042e+08 6.56194534e+08
 6.78412437e+08 6.96666402e+08 7.10193785e+08 7.18495790e+08
 7.21293019e+08]","[0.21597307 0.21957602 0.23025422 0.24760183 0.27089953 0.29906164
 0.33058733 0.36354384 0.39561581 0.4242519  0.44691966 0.46144152
 0.46634031 0.46109601 0.44622945 0.42318516 0.39405624 0.36124156
 0.32712902 0.29386614 0.26323608 0.23662411 0.21504428 0.19919561
 0.18952395 0.18627416 0.18952395 0.19919561 0.21504428 0.23662411
 0.26323608 0.29386614 0.32712902 0.36124156 0.39405624 0.42318516
 0.44622945 0.46109601 0.46634031 0.46144152 0.44691966 0.4242519
 0.39561581 0.36354384 0.33058733 0.29906164 0.27089953 0.24760183
 0.23025422 0.21957602 0.21597307 0.21957602 0.23025422 0.24760183
 0.27089953 0.29906164 0.33058733 0.36354384 0.39561581 0.4242519
 0.44691966 0.46144152 0.46634031 0.46109601 0.44622945 0.42318516
 0.39405624 0.36124156 0.32712902 0.29386614 0.26323608 0.23662411
 0.21504428 0.19919561 0.18952395 0.18627416 0.18952395 0.19919561
 0.21504428 0.23662411 0.26323608 0.29386614 0.32712902 0.36124156
 0.39405624 0.42318516 0.44622945 0.46109601 0.46634031 0.46144152
 0.44691966 0.4242519  0.39561581 0.36354384 0.33058733 0.29906164
 0.27089953 0.24760183 0.23025422 0.21957602 0.21597307]"
74448,C2v,50,50,0000000000000011111111111111111111110000000000000000000000000000111111111111111111111100000000000000000000000000001111111111111111111111000000000000000000000001111111111111111111111111111111100000000000000000111111111111111111111111111111111100000000000000001111111111111111111111111111111111000000000001111111111111111111111111111111111111111111100000111111111111111111111111111111111111111111111100000111111111111111111111111111111111111111111110000001111111111111111111111111111111111111111111100000011111111111111111111111111111111111111111111000000111111111111111111111111111111111111111111110000001111111111111111111111111111111111111111111100000011111111111111111111111111111111111111111111000000111111111111111111111111111111111111111111110000001111111111111111111111111111111111111111111100000011111111111111111111111111111111111111111111000000111111111111111111111111111111111111111111110000001111111111111111111111111111111111111111111100000011111111111111111111111111111111111111111111000001111111111111111111111111111111111111111111111001111111111111111111111111111111111111111111111111111111111111111111111111000011111111111111111111111111111111111111111111100000011111111111111111111110011111111111111111111000000111111111111111111110000111111111111111111110000001111111111111111111100111111111111111111111100000011111111111111111111111111111111111111111111100001111111111111111111111111111111111111111111111111111111111111111111111111001111111111111111111111111111111111111111111111000001111111111111111111111111111111111111111111100000011111111111111111111111111111111111111111111000000111111111111111111111111111111111111111111110000001111111111111111111111111111111111111111111100000011111111111111111111111111111111111111111111000000111111111111111111111111111111111111111111110000001111111111111111111111111111111111111111111100000011111111111111111111111111111111111111111111000000111111111111111111111111111111111111111111110000001111111111111111111111111111111111111111111100000011111111111111111111111111111111111111111111000000111111111111111111111111111111111111111111110000011111111111111111111111111111111111111111111110000011111111111111111111111111111111111111111111000000000001111111111111111111111111111111111000000000000000011111111111111111111111111111111110000000000000000011111111111111111111111111111111000000000000000000000001111111111111111111111000000000000000000000000000011111111111111111111110000000000000000000000000000111111111111111111111100000000000000,Plane Strain,600993357.3,207463048.0,1134804686.0,0,0,186428546.1,1e-09,,2240000000,0.49253731,"[5.63065318e+08 5.61931282e+08 5.58598736e+08 5.53281074e+08
 5.46349121e+08 5.38351860e+08 5.30040675e+08 5.22390744e+08
 5.16609490e+08 5.14117927e+08 5.16487806e+08 5.25318837e+08
 5.42049444e+08 5.67714264e+08 6.02689165e+08 6.46489514e+08
 6.97692902e+08 7.54031235e+08 8.12643349e+08 8.70423048e+08
 9.24368619e+08 9.71852147e+08 1.01076885e+09 1.03957308e+09
 1.05723839e+09 1.06318839e+09 1.05723839e+09 1.03957308e+09
 1.01076885e+09 9.71852147e+08 9.24368619e+08 8.70423048e+08
 8.12643349e+08 7.54031235e+08 6.97692902e+08 6.46489514e+08
 6.02689165e+08 5.67714264e+08 5.42049444e+08 5.25318837e+08
 5.16487806e+08 5.14117927e+08 5.16609490e+08 5.22390744e+08
 5.30040675e+08 5.38351860e+08 5.46349121e+08 5.53281074e+08
 5.58598736e+08 5.61931282e+08 5.63065318e+08 5.61931282e+08
 5.58598736e+08 5.53281074e+08 5.46349121e+08 5.38351860e+08
 5.30040675e+08 5.22390744e+08 5.16609490e+08 5.14117927e+08
 5.16487806e+08 5.25318837e+08 5.42049444e+08 5.67714264e+08
 6.02689165e+08 6.46489514e+08 6.97692902e+08 7.54031235e+08
 8.12643349e+08 8.70423048e+08 9.24368619e+08 9.71852147e+08
 1.01076885e+09 1.03957308e+09 1.05723839e+09 1.06318839e+09
 1.05723839e+09 1.03957308e+09 1.01076885e+09 9.71852147e+08
 9.24368619e+08 8.70423048e+08 8.12643349e+08 7.54031235e+08
 6.97692902e+08 6.46489514e+08 6.02689165e+08 5.67714264e+08
 5.42049444e+08 5.25318837e+08 5.16487806e+08 5.14117927e+08
 5.16609490e+08 5.22390744e+08 5.30040675e+08 5.38351860e+08
 5.46349121e+08 5.53281074e+08 5.58598736e+08 5.61931282e+08
 5.63065318e+08]","[0.34520023 0.349048   0.36030152 0.37808998 0.40096593 0.42693914
 0.45357243 0.47816665 0.49804001 0.51086855 0.51501596 0.50976406
 0.49537644 0.47298182 0.44432301 0.41145209 0.37645027 0.3412222
 0.30737941 0.27620114 0.24864916 0.22541225 0.2069613  0.19360253
 0.18552201 0.18281829 0.18552201 0.19360253 0.2069613  0.22541225
 0.24864916 0.27620114 0.30737941 0.3412222  0.37645027 0.41145209
 0.44432301 0.47298182 0.49537644 0.50976406 0.51501596 0.51086855
 0.49804001 0.47816665 0.45357243 0.42693914 0.40096593 0.37808998
 0.36030152 0.349048   0.34520023 0.349048   0.36030152 0.37808998
 0.40096593 0.42693914 0.45357243 0.47816665 0.49804001 0.51086855
 0.51501596 0.50976406 0.49537644 0.47298182 0.44432301 0.41145209
 0.37645027 0.3412222  0.30737941 0.27620114 0.24864916 0.22541225
 0.2069613  0.19360253 0.18552201 0.18281829 0.18552201 0.19360253
 0.2069613  0.22541225 0.24864916 0.27620114 0.30737941 0.3412222
 0.37645027 0.41145209 0.44432301 0.47298182 0.49537644 0.50976406
 0.51501596 0.51086855 0.49804001 0.47816665 0.45357243 0.42693914
 0.40096593 0.37808998 0.36030152 0.349048   0.34520023]"
58896,C2v,50,50,0000000011111111111111111111111111111111110000000000000000111111111111111111111111111111111100000000000000001111111111111111111111111111111111000000000000000011111111111111111111111111111111110000000000000000111111111111111111111111111111111100000000000000001111111111111111111111111111111111000000000000000011111111111111111111111111111111110000000000110001111111111111111111111111111111111110001100001111111111111111111111111111111111111111111111000011111111111111111111111111111111111111111111110000111111111111111111111111111111111111111111111100001111111111111111111111111111111111111111111111000111111111111111111111111111111111111111111111111011111111111111111111111111111111111111111111111111111111111111111111111111111111111111111111111111111111111111111111111111111111111111111111111111111111111111111111111111111111111111111111111111111111111111111111111111111111111111111111111111111111111111111111111111111111111111111111111111111111111111111111111111111111111111111111111111111111111111011111111111111111111111111111111111111111111111100011111111111111111111111111111111111111111111110000111111111111111111111111111111111111111111111100001111111111111111111111111111111111111111111111000011111111111111111111111111111111111111111111110000111111111111111111111111111111111111111111111100001111111111111111111111111111111111111111111111000011111111111111111111111111111111111111111111110000111111111111111111111111111111111111111111111100011111111111111111111111111111111111111111111111101111111111111111111111111111111111111111111111111111111111111111111111111111111111111111111111111111111111111111111111111111111111111111111111111111111111111111111111111111111111111111111111111111111111111111111111111111111111111111111111111111111111111111111111111111111111111111111111111111111111111111111111111111111111111111111111111111111111111101111111111111111111111111111111111111111111111110001111111111111111111111111111111111111111111111000011111111111111111111111111111111111111111111110000111111111111111111111111111111111111111111111100001111111111111111111111111111111111111111111111000011000111111111111111111111111111111111111000110000000000111111111111111111111111111111111100000000000000001111111111111111111111111111111111000000000000000011111111111111111111111111111111110000000000000000111111111111111111111111111111111100000000000000001111111111111111111111111111111111000000000000000011111111111111111111111111111111110000000000000000111111111111111111111111111111111100000000,Plane Strain,1243083795.0,399428021.8,1638506922.0,0,0,413015449.0,1e-09,,2240000000,0.49253731,"[1.14571299e+09 1.14455918e+09 1.14119510e+09 1.13591240e+09
 1.12919540e+09 1.12171543e+09 1.11431763e+09 1.10799522e+09
 1.10384619e+09 1.10300870e+09 1.10657422e+09 1.11548230e+09
 1.13040711e+09 1.15165145e+09 1.17906726e+09 1.21202047e+09
 1.24941076e+09 1.28974631e+09 1.33126192e+09 1.37206046e+09
 1.41025542e+09 1.44409568e+09 1.47206157e+09 1.49292948e+09
 1.50580932e+09 1.51016260e+09 1.50580932e+09 1.49292948e+09
 1.47206157e+09 1.44409568e+09 1.41025542e+09 1.37206046e+09
 1.33126192e+09 1.28974631e+09 1.24941076e+09 1.21202047e+09
 1.17906726e+09 1.15165145e+09 1.13040711e+09 1.11548230e+09
 1.10657422e+09 1.10300870e+09 1.10384619e+09 1.10799522e+09
 1.11431763e+09 1.12171543e+09 1.12919540e+09 1.13591240e+09
 1.14119510e+09 1.14455918e+09 1.14571299e+09 1.14455918e+09
 1.14119510e+09 1.13591240e+09 1.12919540e+09 1.12171543e+09
 1.11431763e+09 1.10799522e+09 1.10384619e+09 1.10300870e+09
 1.10657422e+09 1.11548230e+09 1.13040711e+09 1.15165145e+09
 1.17906726e+09 1.21202047e+09 1.24941076e+09 1.28974631e+09
 1.33126192e+09 1.37206046e+09 1.41025542e+09 1.44409568e+09
 1.47206157e+09 1.49292948e+09 1.50580932e+09 1.51016260e+09
 1.50580932e+09 1.49292948e+09 1.47206157e+09 1.44409568e+09
 1.41025542e+09 1.37206046e+09 1.33126192e+09 1.28974631e+09
 1.24941076e+09 1.21202047e+09 1.17906726e+09 1.15165145e+09
 1.13040711e+09 1.11548230e+09 1.10657422e+09 1.10300870e+09
 1.10384619e+09 1.10799522e+09 1.11431763e+09 1.12171543e+09
 1.12919540e+09 1.13591240e+09 1.14119510e+09 1.14455918e+09
 1.14571299e+09]","[0.32132027 0.32271518 0.32679468 0.33324726 0.34156856 0.35108613
 0.3609983  0.37042852 0.37849403 0.38438383 0.38743669 0.38720768
 0.38351182 0.37643724 0.36632627 0.35372955 0.33934293 0.32393905
 0.30830374 0.29318444 0.27925348 0.26708594 0.25714936 0.24980181
 0.24529442 0.24377561 0.24529442 0.24980181 0.25714936 0.26708594
 0.27925348 0.29318444 0.30830374 0.32393905 0.33934293 0.35372955
 0.36632627 0.37643724 0.38351182 0.38720768 0.38743669 0.38438383
 0.37849403 0.37042852 0.3609983  0.35108613 0.34156856 0.33324726
 0.32679468 0.32271518 0.32132027 0.32271518 0.32679468 0.33324726
 0.34156856 0.35108613 0.3609983  0.37042852 0.37849403 0.38438383
 0.38743669 0.38720768 0.38351182 0.37643724 0.36632627 0.35372955
 0.33934293 0.32393905 0.30830374 0.29318444 0.27925348 0.26708594
 0.25714936 0.24980181 0.24529442 0.24377561 0.24529442 0.24980181
 0.25714936 0.26708594 0.27925348 0.29318444 0.30830374 0.32393905
 0.33934293 0.35372955 0.36632627 0.37643724 0.38351182 0.38720768
 0.38743669 0.38438383 0.37849403 0.37042852 0.3609983  0.35108613
 0.34156856 0.33324726 0.32679468 0.32271518 0.32132027]"
48635,C2v,50,50,0000000000000001111111111111111111100000000000000000000000000000011111111111111111111000000000000000000000000000000111111111111111111110000000000000000000000000000001111111111111111111100000000000000000000000000000011111111111111111111000000000000000000000000000000111111111111111111110000000000000000000000000000001111111111111111111100000000000000000000000000000111111111111111111111100000000000000000000111111111111111111111111111111111111110000000000001111111111111111111111111111111111111100000000000011111111111111111111111111111111111111000000000000111111111111111111111111111111111111110000000000001111111111111111111111111111111111111100000000000111111111111111111111111111111111111111100000000001111111111111111111111111111111111111111000001111111111111111111111111111111111111111111111111111111111111111111111111111111111111111111111111111111111111111111111111111111111111111111111111111111111111111111111111111111111111111111111111111111111111111111111111111111111111111111111111111111111111111111111111111111111111111111111111111111111111111111111111111111111111111111111111111111111111111111111111111111111111111111111111111111111111111111111111111111111111111111111111111111111111111111111111111111111111111111111111111111111111111111111111111111111111111111111111111111111111111111111111111111111111111111111111111111111111111111111111111111111111111111111111111111111111111111111111111111111111111111111111111111111111111111111111111111111111111111111111111111111111111111111111111111111111111111111111111111111111111111111111111111111111111111111111111111111111111111111111111111111111111111111111111111111111111111111111111111111111111111111111111111111111111111111111111111111111111111111111111111111111111111111111111111111111111000001111111111111111111111111111111111111111000000000011111111111111111111111111111111111111110000000000011111111111111111111111111111111111111000000000000111111111111111111111111111111111111110000000000001111111111111111111111111111111111111100000000000011111111111111111111111111111111111111000000000000111111111111111111111111111111111111110000000000000000000011111111111111111111110000000000000000000000000000011111111111111111111000000000000000000000000000000111111111111111111110000000000000000000000000000001111111111111111111100000000000000000000000000000011111111111111111111000000000000000000000000000000111111111111111111110000000000000000000000000000001111111111111111111100000000000000000000000000000011111111111111111111000000000000000,Plane Strain,1081243679.0,263575846.0,1034095494.0,0,0,243481050.6,1e-09,,2240000000,0.49253731,"[1.01406204e+09 1.01008092e+09 9.98279233e+08 9.79092533e+08
 9.53279256e+08 9.21959463e+08 8.86648254e+08 8.49262209e+08
 8.12073195e+08 7.77586504e+08 7.48333571e+08 7.26594699e+08
 7.14098172e+08 7.11765262e+08 7.19570795e+08 7.36560038e+08
 7.61015219e+08 7.90721126e+08 8.23258606e+08 8.56262452e+08
 8.87606215e+08 9.15505757e+08 9.38554515e+08 9.55713294e+08
 9.66277881e+08 9.69843348e+08 9.66277881e+08 9.55713294e+08
 9.38554515e+08 9.15505757e+08 8.87606215e+08 8.56262452e+08
 8.23258606e+08 7.90721126e+08 7.61015219e+08 7.36560038e+08
 7.19570795e+08 7.11765262e+08 7.14098172e+08 7.26594699e+08
 7.48333571e+08 7.77586504e+08 8.12073195e+08 8.49262209e+08
 8.86648254e+08 9.21959463e+08 9.53279256e+08 9.79092533e+08
 9.98279233e+08 1.01008092e+09 1.01406204e+09 1.01008092e+09
 9.98279233e+08 9.79092533e+08 9.53279256e+08 9.21959463e+08
 8.86648254e+08 8.49262209e+08 8.12073195e+08 7.77586504e+08
 7.48333571e+08 7.26594699e+08 7.14098172e+08 7.11765262e+08
 7.19570795e+08 7.36560038e+08 7.61015219e+08 7.90721126e+08
 8.23258606e+08 8.56262452e+08 8.87606215e+08 9.15505757e+08
 9.38554515e+08 9.55713294e+08 9.66277881e+08 9.69843348e+08
 9.66277881e+08 9.55713294e+08 9.38554515e+08 9.15505757e+08
 8.87606215e+08 8.56262452e+08 8.23258606e+08 7.90721126e+08
 7.61015219e+08 7.36560038e+08 7.19570795e+08 7.11765262e+08
 7.14098172e+08 7.26594699e+08 7.48333571e+08 7.77586504e+08
 8.12073195e+08 8.49262209e+08 8.86648254e+08 9.21959463e+08
 9.53279256e+08 9.79092533e+08 9.98279233e+08 1.01008092e+09
 1.01406204e+09]","[0.24377099 0.24659457 0.25496916 0.26859882 0.28696663 0.3093054
 0.33456971 0.36142349 0.38826118 0.41328023 0.43461608 0.45053486
 0.45965687 0.46116346 0.45493264 0.44156319 0.4222795  0.3987455
 0.37283948 0.34644244 0.32127653 0.29880679 0.28020013 0.26632508
 0.25777312 0.2548854  0.25777312 0.26632508 0.28020013 0.29880679
 0.32127653 0.34644244 0.37283948 0.3987455  0.4222795  0.44156319
 0.45493264 0.46116346 0.45965687 0.45053486 0.43461608 0.41328023
 0.38826118 0.36142349 0.33456971 0.3093054  0.28696663 0.26859882
 0.25496916 0.24659457 0.24377099 0.24659457 0.25496916 0.26859882
 0.28696663 0.3093054  0.33456971 0.36142349 0.38826118 0.41328023
 0.43461608 0.45053486 0.45965687 0.46116346 0.45493264 0.44156319
 0.4222795  0.3987455  0.37283948 0.34644244 0.32127653 0.29880679
 0.28020013 0.26632508 0.25777312 0.2548854  0.25777312 0.26632508
 0.28020013 0.29880679 0.32127653 0.34644244 0.37283948 0.3987455
 0.4222795  0.44156319 0.45493264 0.46116346 0.45965687 0.45053486
 0.43461608 0.41328023 0.38826118 0.36142349 0.33456971 0.3093054
 0.28696663 0.26859882 0.25496916 0.24659457 0.24377099]"
66712,C2v,50,50,0000000000001100001111111111111100001100000000000000000000000011000011111111111111000011000000000000000000000000110000111111111111110000110000000000000000000000001100001111111111111100001100000000000011111111000111001111111111111111110011100011111111111111111111110011111111111111111100111111111111110000000111111100111111111111111111001111111000000000000001111111001111111111111111110011111110000000000000001111110011111111111111111100111111000000000000000011111100111111111111111111001111110000000000000000011111001111111111111111110011111000000000000000000111111111111111111111111111111110000000000000000000000111111111111111111111111000000000000000000000000001111111111111111111111110000000000000000000000000001111111111111111111111000000000000000000000000000011111111111111111111110000000000000000000000000000111111111111111111111100000000000000000000000000001111111111111111111111000000000000000000000000000011111111111111111111110000000000000000000000000001111111111111111111111110000000000000000000000000011111111111111111111111100000000000000000000000001111111111111111111111111100000000000000000000000011111111111111111111111111000000000000000000000000111111111111111111111111110000000000000000000000011111111111111111111111111110000000000000000000000111111111111111111111111111100000000000000000000000111111111111111111111111110000000000000000000000001111111111111111111111111100000000000000000000000011111111111111111111111111000000000000000000000000011111111111111111111111100000000000000000000000000111111111111111111111111000000000000000000000000000111111111111111111111100000000000000000000000000001111111111111111111111000000000000000000000000000011111111111111111111110000000000000000000000000000111111111111111111111100000000000000000000000000001111111111111111111111000000000000000000000000000111111111111111111111111000000000000000000000000001111111111111111111111110000000000000000000000111111111111111111111111111111110000000000000000001111100111111111111111111001111100000000000000000111111001111111111111111110011111100000000000000001111110011111111111111111100111111000000000000000111111100111111111111111111001111111000000000000001111111001111111111111111110011111110000000111111111111110011111111111111111100111111111111111111111100011100111111111111111111001110001111111100000000000011000011111111111111000011000000000000000000000000110000111111111111110000110000000000000000000000001100001111111111111100001100000000000000000000000011000011111111111111000011000000000000,Plane Strain,23899953.41,19203991.15,837977150.7,0,0,4539166.96,1e-09,,2240000000,0.49253731,"[2.34598540e+07 2.33454658e+07 2.30033941e+07 2.24374140e+07
 2.16555890e+07 2.06733647e+07 1.95188899e+07 1.82418777e+07
 1.69282597e+07 1.57244823e+07 1.48780179e+07 1.48052460e+07
 1.62052740e+07 2.02490629e+07 2.88845599e+07 4.52937510e+07
 7.44568553e+07 1.23464208e+08 2.00434084e+08 3.09993664e+08
 4.45094084e+08 5.82969985e+08 6.96356108e+08 7.71392133e+08
 8.10714625e+08 8.22546440e+08 8.10714625e+08 7.71392133e+08
 6.96356108e+08 5.82969985e+08 4.45094084e+08 3.09993664e+08
 2.00434084e+08 1.23464208e+08 7.44568553e+07 4.52937510e+07
 2.88845599e+07 2.02490629e+07 1.62052740e+07 1.48052460e+07
 1.48780179e+07 1.57244823e+07 1.69282597e+07 1.82418777e+07
 1.95188899e+07 2.06733647e+07 2.16555890e+07 2.24374140e+07
 2.30033941e+07 2.33454658e+07 2.34598540e+07 2.33454658e+07
 2.30033941e+07 2.24374140e+07 2.16555890e+07 2.06733647e+07
 1.95188899e+07 1.82418777e+07 1.69282597e+07 1.57244823e+07
 1.48780179e+07 1.48052460e+07 1.62052740e+07 2.02490629e+07
 2.88845599e+07 4.52937510e+07 7.44568553e+07 1.23464208e+08
 2.00434084e+08 3.09993664e+08 4.45094084e+08 5.82969985e+08
 6.96356108e+08 7.71392133e+08 8.10714625e+08 8.22546440e+08
 8.10714625e+08 7.71392133e+08 6.96356108e+08 5.82969985e+08
 4.45094084e+08 3.09993664e+08 2.00434084e+08 1.23464208e+08
 7.44568553e+07 4.52937510e+07 2.88845599e+07 2.02490629e+07
 1.62052740e+07 1.48052460e+07 1.48780179e+07 1.57244823e+07
 1.69282597e+07 1.82418777e+07 1.95188899e+07 2.06733647e+07
 2.16555890e+07 2.24374140e+07 2.30033941e+07 2.33454658e+07
 2.34598540e+07]","[0.80351584 0.93400057 1.3061152  1.84468871 2.39549116 2.7668465
 2.84744727 2.67016783 2.34778352 1.98311775 1.63592765 1.33075113
 1.07269996 0.85847908 0.68209791 0.53736686 0.41881301 0.32190616
 0.24301693 0.17929079 0.12851222 0.08898532 0.05943804 0.03894917
 0.02689563 0.02291708 0.02689563 0.03894917 0.05943804 0.08898532
 0.12851222 0.17929079 0.24301693 0.32190616 0.41881301 0.53736686
 0.68209791 0.85847908 1.07269996 1.33075113 1.63592765 1.98311775
 2.34778352 2.67016783 2.84744727 2.7668465  2.39549116 1.84468871
 1.3061152  0.93400057 0.80351584 0.93400057 1.3061152  1.84468871
 2.39549116 2.7668465  2.84744727 2.67016783 2.34778352 1.98311775
 1.63592765 1.33075113 1.07269996 0.85847908 0.68209791 0.53736686
 0.41881301 0.32190616 0.24301693 0.17929079 0.12851222 0.08898532
 0.05943804 0.03894917 0.02689563 0.02291708 0.02689563 0.03894917
 0.05943804 0.08898532 0.12851222 0.17929079 0.24301693 0.32190616
 0.41881301 0.53736686 0.68209791 0.85847908 1.07269996 1.33075113
 1.63592765 1.98311775 2.34778352 2.67016783 2.84744727 2.7668465
 2.39549116 1.84468871 1.3061152  0.93400057 0.80351584]"
48717,C2v,50,50,0001100000000000000000000000000000000000000001100000111111100000000000000000000000000000000111111100011111111100000000000000000000000000000011111111100011111111110000000000000000000000000011111111110000000011111111000000000000000000000011111111000000000000111111110000000000000000000000111111110000000000001111111100000000000000000000001111111100000000000011111111000000000000000000000011111111000000000000111111110000000000000000000000111111110000000000001111111100000000000000000000001111111100000000000001111111000000000000000000000011111110000000000000011111111100000000000000000011111111100000000000000111111111111100000000001111111111111000000000000001111111111111110000001111111111111110000000000000111111111111111110000111111111111111110000000000011111111111111111111111111111111111111110000000011111111111111111111111111111111111111111111000011111111111111111111111111111111111111111111111100111111111111111111111111111111111111111111111111001111111111111111111111111111111111111111111111110011111111111111111111111111111111111111111111111101111111111111111111111111111111111111111111111111111111111111111111111111111111111111111111111111111111111111111111111111111111111111111111111111111111111111111111111111111111111111111111111111111111111111111111111111111111111111111111111111111111111111111111111111111111111111111111111111111111111111111111111111111111111111111111111111111111111111111111111111111111111111111111111111111111111111111011111111111111111111111111111111111111111111111100111111111111111111111111111111111111111111111111001111111111111111111111111111111111111111111111110011111111111111111111111111111111111111111111111100001111111111111111111111111111111111111111111100000000111111111111111111111111111111111111111100000000000111111111111111110000111111111111111110000000000000111111111111111000000111111111111111000000000000001111111111111000000000011111111111110000000000000011111111100000000000000000011111111100000000000000111111100000000000000000000001111111000000000000011111111000000000000000000000011111111000000000000111111110000000000000000000000111111110000000000001111111100000000000000000000001111111100000000000011111111000000000000000000000011111111000000000000111111110000000000000000000000111111110000000000001111111100000000000000000000001111111100000000111111111100000000000000000000000000111111111100011111111100000000000000000000000000000011111111100011111110000000000000000000000000000000011111110000011000000000000000000000000000000000000000011000,Plane Strain,621347769.9,11437133.42,107464083.2,0,0,35701230.6,1e-09,,2240000000,0.49253731,"[6.20130544e+08 6.15373770e+08 6.00770063e+08 5.75476660e+08
 5.38634014e+08 4.90186303e+08 4.31817724e+08 3.67466514e+08
 3.02806980e+08 2.43676095e+08 1.94316044e+08 1.56489281e+08
 1.29746685e+08 1.12325370e+08 1.02033034e+08 9.68105386e+07
 9.49737133e+07 9.52523880e+07 9.67364441e+07 9.87955769e+07
 1.01003680e+08 1.03078183e+08 1.04835223e+08 1.06158218e+08
 1.06976799e+08 1.07253560e+08 1.06976799e+08 1.06158218e+08
 1.04835223e+08 1.03078183e+08 1.01003680e+08 9.87955769e+07
 9.67364441e+07 9.52523880e+07 9.49737133e+07 9.68105386e+07
 1.02033034e+08 1.12325370e+08 1.29746685e+08 1.56489281e+08
 1.94316044e+08 2.43676095e+08 3.02806980e+08 3.67466514e+08
 4.31817724e+08 4.90186303e+08 5.38634014e+08 5.75476660e+08
 6.00770063e+08 6.15373770e+08 6.20130544e+08 6.15373770e+08
 6.00770063e+08 5.75476660e+08 5.38634014e+08 4.90186303e+08
 4.31817724e+08 3.67466514e+08 3.02806980e+08 2.43676095e+08
 1.94316044e+08 1.56489281e+08 1.29746685e+08 1.12325370e+08
 1.02033034e+08 9.68105386e+07 9.49737133e+07 9.52523880e+07
 9.67364441e+07 9.87955769e+07 1.01003680e+08 1.03078183e+08
 1.04835223e+08 1.06158218e+08 1.06976799e+08 1.07253560e+08
 1.06976799e+08 1.06158218e+08 1.04835223e+08 1.03078183e+08
 1.01003680e+08 9.87955769e+07 9.67364441e+07 9.52523880e+07
 9.49737133e+07 9.68105386e+07 1.02033034e+08 1.12325370e+08
 1.29746685e+08 1.56489281e+08 1.94316044e+08 2.43676095e+08
 3.02806980e+08 3.67466514e+08 4.31817724e+08 4.90186303e+08
 5.38634014e+08 5.75476660e+08 6.00770063e+08 6.15373770e+08
 6.20130544e+08]","[0.01840698 0.02211698 0.0333198  0.05223228 0.07920931 0.11472936
 0.15936365 0.21371498 0.27830371 0.35336651 0.43852045 0.53223985
 0.63111981 0.72900452 0.8163026  0.88018887 0.90664005 0.88472642
 0.81182535 0.69654991 0.55679912 0.41390743 0.28672099 0.18856325
 0.1272258  0.1064275  0.1272258  0.18856325 0.28672099 0.41390743
 0.55679912 0.69654991 0.81182535 0.88472642 0.90664005 0.88018887
 0.8163026  0.72900452 0.63111981 0.53223985 0.43852045 0.35336651
 0.27830371 0.21371498 0.15936365 0.11472936 0.07920931 0.05223228
 0.0333198  0.02211698 0.01840698 0.02211698 0.0333198  0.05223228
 0.07920931 0.11472936 0.15936365 0.21371498 0.27830371 0.35336651
 0.43852045 0.53223985 0.63111981 0.72900452 0.8163026  0.88018887
 0.90664005 0.88472642 0.81182535 0.69654991 0.55679912 0.41390743
 0.28672099 0.18856325 0.1272258  0.1064275  0.1272258  0.18856325
 0.28672099 0.41390743 0.55679912 0.69654991 0.81182535 0.88472642
 0.90664005 0.88018887 0.8163026  0.72900452 0.63111981 0.53223985
 0.43852045 0.35336651 0.27830371 0.21371498 0.15936365 0.11472936
 0.07920931 0.05223228 0.0333198  0.02211698 0.01840698]"
45585,C2v,50,50,0000000000000000000111111111111000000000000000000000000000000000000001111111111110000000000000000000000000000000000000011111111111100000000000000000000000000000000000000111111111111000000000000000000000000000000000000001111111111110000000000000000000000000000000000011111111111111111100000000000000000000000000000001111111111111111111100000000000000000000000000000011111111111111111111000000000000000000000000000000111111111111111111110000000000000001111110000111111111111111111111111111111000011111111111100001111111111111111111111111111110000111111111111000011111111111111111111111111111100001111111111110000111111111111111111111111111111000011111111111111111111111111111111111111111111111111111111011111111111111111111111111111111111111111111111100011111111111111111111111111111111111111111111110000111111111111111111111111111111111111111111111100001111111111111111111111111111111111111111111111000011111111111111111110000000011111111111111111110000111111111111111111100000000111111111111111111100001111111111111111111000000001111111111111111111000011111111111111111110000000011111111111111111110000111111111111110000000000000000001111111111111100001111111111111100000000000000000011111111111111000011111111111111000000000000000000111111111111110000111111111111110000000000000000001111111111111100001111111111111100000000000000000011111111111111000011111111111111000000000000000000111111111111110000111111111111111111100000000111111111111111111100001111111111111111111000000001111111111111111111000011111111111111111110000000011111111111111111110000111111111111111111100000000111111111111111111100001111111111111111111111111111111111111111111111000011111111111111111111111111111111111111111111110000111111111111111111111111111111111111111111111100011111111111111111111111111111111111111111111111101111111111111111111111111111111111111111111111111111111100001111111111111111111111111111110000111111111111000011111111111111111111111111111100001111111111110000111111111111111111111111111111000011111111111100001111111111111111111111111111110000111111000000000000000111111111111111111110000000000000000000000000000001111111111111111111100000000000000000000000000000011111111111111111111000000000000000000000000000000011111111111111111100000000000000000000000000000000000111111111111000000000000000000000000000000000000001111111111110000000000000000000000000000000000000011111111111100000000000000000000000000000000000000111111111111000000000000000000000000000000000000001111111111110000000000000000000,Plane Strain,367125361.0,78787168.71,392657991.2,0,0,90568665.02,1e-09,,2240000000,0.49253731,"[3.51316647e+08 3.50051566e+08 3.46300767e+08 3.40201466e+08
 3.31994521e+08 3.22039843e+08 3.10831749e+08 2.99007211e+08
 2.87337753e+08 2.76695286e+08 2.67985252e+08 2.62048518e+08
 2.59545595e+08 2.60848599e+08 2.65971053e+08 2.74558044e+08
 2.85940892e+08 2.99239699e+08 3.13484335e+08 3.27724429e+08
 3.41109238e+08 3.52931774e+08 3.62642183e+08 3.69840599e+08
 3.74260283e+08 3.75749821e+08 3.74260283e+08 3.69840599e+08
 3.62642183e+08 3.52931774e+08 3.41109238e+08 3.27724429e+08
 3.13484335e+08 2.99239699e+08 2.85940892e+08 2.74558044e+08
 2.65971053e+08 2.60848599e+08 2.59545595e+08 2.62048518e+08
 2.67985252e+08 2.76695286e+08 2.87337753e+08 2.99007211e+08
 3.10831749e+08 3.22039843e+08 3.31994521e+08 3.40201466e+08
 3.46300767e+08 3.50051566e+08 3.51316647e+08 3.50051566e+08
 3.46300767e+08 3.40201466e+08 3.31994521e+08 3.22039843e+08
 3.10831749e+08 2.99007211e+08 2.87337753e+08 2.76695286e+08
 2.67985252e+08 2.62048518e+08 2.59545595e+08 2.60848599e+08
 2.65971053e+08 2.74558044e+08 2.85940892e+08 2.99239699e+08
 3.13484335e+08 3.27724429e+08 3.41109238e+08 3.52931774e+08
 3.62642183e+08 3.69840599e+08 3.74260283e+08 3.75749821e+08
 3.74260283e+08 3.69840599e+08 3.62642183e+08 3.52931774e+08
 3.41109238e+08 3.27724429e+08 3.13484335e+08 2.99239699e+08
 2.85940892e+08 2.74558044e+08 2.65971053e+08 2.60848599e+08
 2.59545595e+08 2.62048518e+08 2.67985252e+08 2.76695286e+08
 2.87337753e+08 2.99007211e+08 3.10831749e+08 3.22039843e+08
 3.31994521e+08 3.40201466e+08 3.46300767e+08 3.50051566e+08
 3.51316647e+08]","[0.21460563 0.21767116 0.2267542  0.2415047  0.26131053 0.28526281
 0.31212552 0.34032855 0.36800704 0.39310812 0.41357338 0.42758198
 0.43381027 0.43164328 0.42127601 0.40367262 0.38039737 0.35336995
 0.32461173 0.2960369  0.26931545 0.2458086  0.22656011 0.21232161
 0.20359128 0.20065087 0.20359128 0.21232161 0.22656011 0.2458086
 0.26931545 0.2960369  0.32461173 0.35336995 0.38039737 0.40367262
 0.42127601 0.43164328 0.43381027 0.42758198 0.41357338 0.39310812
 0.36800704 0.34032855 0.31212552 0.28526281 0.26131053 0.2415047
 0.2267542  0.21767116 0.21460563 0.21767116 0.2267542  0.2415047
 0.26131053 0.28526281 0.31212552 0.34032855 0.36800704 0.39310812
 0.41357338 0.42758198 0.43381027 0.43164328 0.42127601 0.40367262
 0.38039737 0.35336995 0.32461173 0.2960369  0.26931545 0.2458086
 0.22656011 0.21232161 0.20359128 0.20065087 0.20359128 0.21232161
 0.22656011 0.2458086  0.26931545 0.2960369  0.32461173 0.35336995
 0.38039737 0.40367262 0.42127601 0.43164328 0.43381027 0.42758198
 0.41357338 0.39310812 0.36800704 0.34032855 0.31212552 0.28526281
 0.26131053 0.2415047  0.2267542  0.21767116 0.21460563]"
49035,C2v,50,50,1111111111111111111111111111111111111111111111111111111111111111111111111111111111111111111111111111111111111111111111111111111111111111111111111111111111111111111111111111111111111111111111111111111100111111111111111111111111111111111111111111111100001111111111111111111111111111111111111111111111000011111111111111111111111111111111111111111111110000111111111111111111111111111111111111111111111100001111111111111111111111111111111111111111111111000000011111111111111111111111111111111111111110000000000011111111111111111111111111111111111111000000000000111111111111111111111111111111111111110000000000001111111111111111111111111111111111111100000000000011111111111111111111111111111111111111000000000000111111111111111111111111111111111111110000000000000000000111111111111111111111111000000000000000000000000001111111111111111111111110000000000000000000000000011111111111111111111111100000000000000000000000000111111111111111111111111000000000000000000000000001111111111111111111111110000000000000000000000000001111111111111111111111000000000000000000000000000011111111111111111111110000000000000000000000000000011111111111111111111000000000000000000000000000000111111111111111111110000000000000000000000000000001111111111111111111100000000000000000000000000000011111111111111111111000000000000000000000000000000111111111111111111110000000000000000000000000000001111111111111111111100000000000000000000000000000111111111111111111111100000000000000000000000000001111111111111111111111000000000000000000000000000111111111111111111111111000000000000000000000000001111111111111111111111110000000000000000000000000011111111111111111111111100000000000000000000000000111111111111111111111111000000000000000000000000001111111111111111111111110000000000000000000111111111111111111111111111111111111110000000000001111111111111111111111111111111111111100000000000011111111111111111111111111111111111111000000000000111111111111111111111111111111111111110000000000001111111111111111111111111111111111111100000000000111111111111111111111111111111111111111100000001111111111111111111111111111111111111111111111000011111111111111111111111111111111111111111111110000111111111111111111111111111111111111111111111100001111111111111111111111111111111111111111111111000011111111111111111111111111111111111111111111110011111111111111111111111111111111111111111111111111111111111111111111111111111111111111111111111111111111111111111111111111111111111111111111111111111111111111111111111111111111111111111111111111111111,Plane Strain,666630064.5,178699741.0,1055602862.0,0,0,188077128.1,1e-09,,2240000000,0.49253731,"[6.36378538e+08 6.34570390e+08 6.29224031e+08 6.20580632e+08
 6.09064452e+08 5.95313465e+08 5.80215391e+08 5.64939798e+08
 5.50951413e+08 5.39984236e+08 5.33953234e+08 5.34785357e+08
 5.44169322e+08 5.63254794e+08 5.92367581e+08 6.30828622e+08
 6.76950318e+08 7.28230047e+08 7.81690384e+08 8.34266580e+08
 8.83139171e+08 9.25948103e+08 9.60877199e+08 9.86637884e+08
 1.00239806e+09 1.00769984e+09 1.00239806e+09 9.86637884e+08
 9.60877199e+08 9.25948103e+08 8.83139171e+08 8.34266580e+08
 7.81690384e+08 7.28230047e+08 6.76950318e+08 6.30828622e+08
 5.92367581e+08 5.63254794e+08 5.44169322e+08 5.34785357e+08
 5.33953234e+08 5.39984236e+08 5.50951413e+08 5.64939798e+08
 5.80215391e+08 5.95313465e+08 6.09064452e+08 6.20580632e+08
 6.29224031e+08 6.34570390e+08 6.36378538e+08 6.34570390e+08
 6.29224031e+08 6.20580632e+08 6.09064452e+08 5.95313465e+08
 5.80215391e+08 5.64939798e+08 5.50951413e+08 5.39984236e+08
 5.33953234e+08 5.34785357e+08 5.44169322e+08 5.63254794e+08
 5.92367581e+08 6.30828622e+08 6.76950318e+08 7.28230047e+08
 7.81690384e+08 8.34266580e+08 8.83139171e+08 9.25948103e+08
 9.60877199e+08 9.86637884e+08 1.00239806e+09 1.00769984e+09
 1.00239806e+09 9.86637884e+08 9.60877199e+08 9.25948103e+08
 8.83139171e+08 8.34266580e+08 7.81690384e+08 7.28230047e+08
 6.76950318e+08 6.30828622e+08 5.92367581e+08 5.63254794e+08
 5.44169322e+08 5.34785357e+08 5.33953234e+08 5.39984236e+08
 5.50951413e+08 5.64939798e+08 5.80215391e+08 5.95313465e+08
 6.09064452e+08 6.20580632e+08 6.29224031e+08 6.34570390e+08
 6.36378538e+08]","[0.26806433 0.27202848 0.28370124 0.30241178 0.32700973 0.35584057
 0.38675721 0.41720568 0.44441522 0.46569538 0.47879885 0.48226502
 0.47564351 0.45952668 0.43538553 0.40527044 0.37147211 0.33622781
 0.30152104 0.26898175 0.23986783 0.21509845 0.19531205 0.18092924
 0.17220825 0.1692869  0.17220825 0.18092924 0.19531205 0.21509845
 0.23986783 0.26898175 0.30152104 0.33622781 0.37147211 0.40527044
 0.43538553 0.45952668 0.47564351 0.48226502 0.47879885 0.46569538
 0.44441522 0.41720568 0.38675721 0.35584057 0.32700973 0.30241178
 0.28370124 0.27202848 0.26806433 0.27202848 0.28370124 0.30241178
 0.32700973 0.35584057 0.38675721 0.41720568 0.44441522 0.46569538
 0.47879885 0.48226502 0.47564351 0.45952668 0.43538553 0.40527044
 0.37147211 0.33622781 0.30152104 0.26898175 0.23986783 0.21509845
 0.19531205 0.18092924 0.17220825 0.1692869  0.17220825 0.18092924
 0.19531205 0.21509845 0.23986783 0.26898175 0.30152104 0.33622781
 0.37147211 0.40527044 0.43538553 0.45952668 0.47564351 0.48226502
 0.47879885 0.46569538 0.44441522 0.41720568 0.38675721 0.35584057
 0.32700973 0.30241178 0.28370124 0.27202848 0.26806433]"
7368,C2v,50,50,1111111111111111111111111111111111111111111111111111111111111111111111111111111111111111111111111111111111111111111111111111111111111111111111111111111111111111111111111111111111111111111111111111111111111111111111111111111111111111111111111111111111111111111111111111111111111111111111111111111111111111111111111111111111111111111111111111111111111111111111111111111111111111111111111111111111111111111111111111111111111111111111111111111111111111111111111111111111111111111111111111111111111111111111111111111111111111111111111111111111111111111111111111111111111111111111111111111111111111111111111111111111111111111111111111111111111111111111111111111111111111111111111111111111111111111111111111111111111111111111111111111111111111111111111111111111111111111111111111111111111111111111111111111111111111111110000000000000000000000001111111111111111111111111100000000000000000000000011111111111111111111111111000000000000000000000000111111111111111111111111100000000000000000000000000111111111111111111111111000000000000000000000000001111111111111111111111110000000000000000000000000011111111111111111111111100000000000000000000000000111111111111111111111111000000000000000000000000001111111111111111111111110000000000000000000000000011111111111111111111111100000000000000000000000000111111111111111111111111000000000000000000000000001111111111111111111111110000000000000000000000000011111111111111111111111100000000000000000000000000111111111111111111111111000000000000000000000000001111111111111111111111110000000000000000000000000011111111111111111111111110000000000000000000000001111111111111111111111111100000000000000000000000011111111111111111111111111000000000000000000000000111111111111111111111111111111111111111111111111111111111111111111111111111111111111111111111111111111111111111111111111111111111111111111111111111111111111111111111111111111111111111111111111111111111111111111111111111111111111111111111111111111111111111111111111111111111111111111111111111111111111111111111111111111111111111111111111111111111111111111111111111111111111111111111111111111111111111111111111111111111111111111111111111111111111111111111111111111111111111111111111111111111111111111111111111111111111111111111111111111111111111111111111111111111111111111111111111111111111111111111111111111111111111111111111111111111111111111111111111111111111111111111111111111111111111111111111111111111111111111111111111111111111111111111111111111111111111111111111111111111111111111111111111111111111111111111,Plane Strain,1457542360.0,333818432.5,1212737523.0,0,0,314089445.0,1e-09,,2240000000,0.49253731,"[1.36565542e+09 1.35998718e+09 1.34318108e+09 1.31584684e+09
 1.27904256e+09 1.23432163e+09 1.18376607e+09 1.12997568e+09
 1.07597989e+09 1.02504856e+09 9.80401393e+08 9.44850806e+08
 9.20448176e+08 9.08219376e+08 9.08059619e+08 9.18812217e+08
 9.38500965e+08 9.64646695e+08 9.94589525e+08 1.02575663e+09
 1.05584622e+09 1.08292704e+09 1.10547066e+09 1.12234063e+09
 1.13276124e+09 1.13628366e+09 1.13276124e+09 1.12234063e+09
 1.10547066e+09 1.08292704e+09 1.05584622e+09 1.02575663e+09
 9.94589525e+08 9.64646695e+08 9.38500965e+08 9.18812217e+08
 9.08059619e+08 9.08219376e+08 9.20448176e+08 9.44850806e+08
 9.80401393e+08 1.02504856e+09 1.07597989e+09 1.12997568e+09
 1.18376607e+09 1.23432163e+09 1.27904256e+09 1.31584684e+09
 1.34318108e+09 1.35998718e+09 1.36565542e+09 1.35998718e+09
 1.34318108e+09 1.31584684e+09 1.27904256e+09 1.23432163e+09
 1.18376607e+09 1.12997568e+09 1.07597989e+09 1.02504856e+09
 9.80401393e+08 9.44850806e+08 9.20448176e+08 9.08219376e+08
 9.08059619e+08 9.18812217e+08 9.38500965e+08 9.64646695e+08
 9.94589525e+08 1.02575663e+09 1.05584622e+09 1.08292704e+09
 1.10547066e+09 1.12234063e+09 1.13276124e+09 1.13628366e+09
 1.13276124e+09 1.12234063e+09 1.10547066e+09 1.08292704e+09
 1.05584622e+09 1.02575663e+09 9.94589525e+08 9.64646695e+08
 9.38500965e+08 9.18812217e+08 9.08059619e+08 9.08219376e+08
 9.20448176e+08 9.44850806e+08 9.80401393e+08 1.02504856e+09
 1.07597989e+09 1.12997568e+09 1.18376607e+09 1.23432163e+09
 1.27904256e+09 1.31584684e+09 1.34318108e+09 1.35998718e+09
 1.36565542e+09]","[0.22902829 0.23165824 0.23947254 0.25223782 0.26954384 0.29077555
 0.31508285 0.34135846 0.36823791 0.39413801 0.41734761 0.43617549
 0.4491432  0.45519073 0.45384769 0.44532297 0.43048501 0.41073752
 0.38782508 0.36361879 0.33992691 0.31835759 0.30023984 0.28659301
 0.27812766 0.27526025 0.27812766 0.28659301 0.30023984 0.31835759
 0.33992691 0.36361879 0.38782508 0.41073752 0.43048501 0.44532297
 0.45384769 0.45519073 0.4491432  0.43617549 0.41734761 0.39413801
 0.36823791 0.34135846 0.31508285 0.29077555 0.26954384 0.25223782
 0.23947254 0.23165824 0.22902829 0.23165824 0.23947254 0.25223782
 0.26954384 0.29077555 0.31508285 0.34135846 0.36823791 0.39413801
 0.41734761 0.43617549 0.4491432  0.45519073 0.45384769 0.44532297
 0.43048501 0.41073752 0.38782508 0.36361879 0.33992691 0.31835759
 0.30023984 0.28659301 0.27812766 0.27526025 0.27812766 0.28659301
 0.30023984 0.31835759 0.33992691 0.36361879 0.38782508 0.41073752
 0.43048501 0.44532297 0.45384769 0.45519073 0.4491432  0.43617549
 0.41734761 0.39413801 0.36823791 0.34135846 0.31508285 0.29077555
 0.26954384 0.25223782 0.23947254 0.23165824 0.22902829]"
68607,C2v,50,50,0000000011111111111100000000001111111111110000000000000000111111111111000000000011111111111100000000000000001111111111110000000000111111111111000000000000000011111111111100000000001111111111110000000000000111111111111111000000000011111111111111100000000001111111111111110000000000111111111111111000000000111111111111111100000000001111111111111111000000000111111111111111100000000111111111111111100000000001111111111111111111111111111111111111111000000000000111111111111111111111111111111111111000000000000000111111111111111111111111111111111100000000000000001111111111111111111111111111111111000000000000000011111111111111111111111111111111110000000000000000111111111111111111111111111111111100000000000000001111111111111111111111111111111111000000000000000011111111111111111111111111111111110000000000000000111111111111111111111111111111111100000000000000011111111111111111111111111111111111100000001111111111111111111111111111111111111111111111111111111111111111111111111111111111111111111111111111111111111111111111111111111111111111111111111111111111111111111111111111111111111111111111111111111100001111111111111111111111111111111111111111110000000001111111111111111111111111111111111111111000000000011111111111111111111111111111111111111110000000000111111111111111111111111111111111111111100000000001111111111111111111111111111111111111111000000000111111111111111111111111111111111111111111000011111111111111111111111111111111111111111111111111111111111111111111111111111111111111111111111111111111111111111111111111111111111111111111111111111111111111111111111111111111111111111111111111111111000000011111111111111111111111111111111111100000000000000011111111111111111111111111111111110000000000000000111111111111111111111111111111111100000000000000001111111111111111111111111111111111000000000000000011111111111111111111111111111111110000000000000000111111111111111111111111111111111100000000000000001111111111111111111111111111111111000000000000000011111111111111111111111111111111110000000000000001111111111111111111111111111111111110000000000001111111111111111111111111111111111111111000000000011111111111111110000000011111111111111110000000001111111111111111000000000011111111111111110000000001111111111111110000000000111111111111111000000000011111111111111100000000001111111111111110000000000000111111111111000000000011111111111100000000000000001111111111110000000000111111111111000000000000000011111111111100000000001111111111110000000000000000111111111111000000000011111111111100000000,Plane Strain,602146510.5,114695655.4,1160392442.0,0,0,69451969.71,1e-09,,2240000000,0.49253731,"[5.90809748e+08 5.87009115e+08 5.75621897e+08 5.56709868e+08
 5.30437879e+08 4.97176163e+08 4.57660539e+08 4.13220655e+08
 3.66073246e+08 3.19641634e+08 2.78793485e+08 2.49791585e+08
 2.39681764e+08 2.54925390e+08 2.99452980e+08 3.72883324e+08
 4.69943995e+08 5.81635583e+08 6.97615126e+08 8.08575382e+08
 9.07649344e+08 9.90656279e+08 1.05558405e+09 1.10180950e+09
 1.12938801e+09 1.13854544e+09 1.12938801e+09 1.10180950e+09
 1.05558405e+09 9.90656279e+08 9.07649344e+08 8.08575382e+08
 6.97615126e+08 5.81635583e+08 4.69943995e+08 3.72883324e+08
 2.99452980e+08 2.54925390e+08 2.39681764e+08 2.49791585e+08
 2.78793485e+08 3.19641634e+08 3.66073246e+08 4.13220655e+08
 4.57660539e+08 4.97176163e+08 5.30437879e+08 5.56709868e+08
 5.75621897e+08 5.87009115e+08 5.90809748e+08 5.87009115e+08
 5.75621897e+08 5.56709868e+08 5.30437879e+08 4.97176163e+08
 4.57660539e+08 4.13220655e+08 3.66073246e+08 3.19641634e+08
 2.78793485e+08 2.49791585e+08 2.39681764e+08 2.54925390e+08
 2.99452980e+08 3.72883324e+08 4.69943995e+08 5.81635583e+08
 6.97615126e+08 8.08575382e+08 9.07649344e+08 9.90656279e+08
 1.05558405e+09 1.10180950e+09 1.12938801e+09 1.13854544e+09
 1.12938801e+09 1.10180950e+09 1.05558405e+09 9.90656279e+08
 9.07649344e+08 8.08575382e+08 6.97615126e+08 5.81635583e+08
 4.69943995e+08 3.72883324e+08 2.99452980e+08 2.54925390e+08
 2.39681764e+08 2.49791585e+08 2.78793485e+08 3.19641634e+08
 3.66073246e+08 4.13220655e+08 4.57660539e+08 4.97176163e+08
 5.30437879e+08 5.56709868e+08 5.75621897e+08 5.87009115e+08
 5.90809748e+08]","[0.19047799 0.19956955 0.2267184  0.27144396 0.33260165 0.40788294
 0.493205   0.58220442 0.66622015 0.73520802 0.77973691 0.79351931
 0.77528198 0.7289229  0.66192177 0.5829855  0.50006617 0.41930958
 0.34485905 0.27915822 0.22342293 0.17808852 0.14315822 0.11844522
 0.10372799 0.09884213 0.10372799 0.11844522 0.14315822 0.17808852
 0.22342293 0.27915822 0.34485905 0.41930958 0.50006617 0.5829855
 0.66192177 0.7289229  0.77528198 0.79351931 0.77973691 0.73520802
 0.66622015 0.58220442 0.493205   0.40788294 0.33260165 0.27144396
 0.2267184  0.19956955 0.19047799 0.19956955 0.2267184  0.27144396
 0.33260165 0.40788294 0.493205   0.58220442 0.66622015 0.73520802
 0.77973691 0.79351931 0.77528198 0.7289229  0.66192177 0.5829855
 0.50006617 0.41930958 0.34485905 0.27915822 0.22342293 0.17808852
 0.14315822 0.11844522 0.10372799 0.09884213 0.10372799 0.11844522
 0.14315822 0.17808852 0.22342293 0.27915822 0.34485905 0.41930958
 0.50006617 0.5829855  0.66192177 0.7289229  0.77528198 0.79351931
 0.77973691 0.73520802 0.66622015 0.58220442 0.493205   0.40788294
 0.33260165 0.27144396 0.2267184  0.19956955 0.19047799]"
7945,C2v,50,50,0000000000111111111111111111111111111111000000000000000000001111111111111111111111111111110000000000000000000011111111111111111111111111111100000000000000000001111111111111111111111111111111100000000000000011111111111111111111111111111111111111000000000001111111111111111111111111111111111111111000000000011111111111111111111111111111111111111110000000001111111111111111111111111111111111111111110000111111111111111111111111111111111111111111111111111111111111111111111111111111111111111111111111111111111111111111111111111111111111111111111111111111111111111111111111111111111111111111111111111111110000111111111111111111111111111111111111111111000000000111111111111111111111111111111111111111100000000000111111111111111111111111111111111111110000000000001111111111111111111111111111111111111100000000000111111111111111111111111111111111111111100000000011111111111111111111111111111111111111111100001111111111111111111111111111111111111111111111111111111111111111111111111111111111111111111111111111111111111111111111111111111111111111111111111111111111111111111111111111111111111111111111111111111111111111111111111111111111111111111111111111111111111111111111111111111111111111111111111111111111111111111111111111111111111111111111111111111111111111111111111111111111111111111111111111111111111111111111111111111111111111111111111111111111111111111111111111111111111111111111111111111111111111111111111111111111111111111111111111111111111111111111111111111111111111111111111111111111111111111111111111111111111111111111111111111111111111111111111111111111111111111111111111111111111111111111111111000011111111111111111111111111111111111111111100000000011111111111111111111111111111111111111110000000000011111111111111111111111111111111111111000000000000111111111111111111111111111111111111110000000000011111111111111111111111111111111111111110000000001111111111111111111111111111111111111111110000111111111111111111111111111111111111111111111111111111111111111111111111111111111111111111111111111111111111111111111111111111111111111111111111111111111111111111111111111111111111111111111111111111110000111111111111111111111111111111111111111111000000000111111111111111111111111111111111111111100000000001111111111111111111111111111111111111111000000000001111111111111111111111111111111111111100000000000000011111111111111111111111111111111000000000000000000011111111111111111111111111111100000000000000000000111111111111111111111111111111000000000000000000001111111111111111111111111111110000000000,Plane Strain,1470539161.0,423008417.7,1532850732.0,0,0,355885218.4,1e-09,,2240000000,0.49253731,"[1.35380495e+09 1.34933089e+09 1.33609357e+09 1.31465585e+09
 1.28598046e+09 1.25145672e+09 1.21291698e+09 1.17262257e+09
 1.13319596e+09 1.09747953e+09 1.06831329e+09 1.04824631e+09
 1.03922348e+09 1.04231082e+09 1.05752670e+09 1.08382516e+09
 1.11923753e+09 1.16113493e+09 1.20654685e+09 1.25246758e+09
 1.29610116e+09 1.33502294e+09 1.36726134e+09 1.39131893e+09
 1.40615749e+09 1.41117011e+09 1.40615749e+09 1.39131893e+09
 1.36726134e+09 1.33502294e+09 1.29610116e+09 1.25246758e+09
 1.20654685e+09 1.16113493e+09 1.11923753e+09 1.08382516e+09
 1.05752670e+09 1.04231082e+09 1.03922348e+09 1.04824631e+09
 1.06831329e+09 1.09747953e+09 1.13319596e+09 1.17262257e+09
 1.21291698e+09 1.25145672e+09 1.28598046e+09 1.31465585e+09
 1.33609357e+09 1.34933089e+09 1.35380495e+09 1.34933089e+09
 1.33609357e+09 1.31465585e+09 1.28598046e+09 1.25145672e+09
 1.21291698e+09 1.17262257e+09 1.13319596e+09 1.09747953e+09
 1.06831329e+09 1.04824631e+09 1.03922348e+09 1.04231082e+09
 1.05752670e+09 1.08382516e+09 1.11923753e+09 1.16113493e+09
 1.20654685e+09 1.25246758e+09 1.29610116e+09 1.33502294e+09
 1.36726134e+09 1.39131893e+09 1.40615749e+09 1.41117011e+09
 1.40615749e+09 1.39131893e+09 1.36726134e+09 1.33502294e+09
 1.29610116e+09 1.25246758e+09 1.20654685e+09 1.16113493e+09
 1.11923753e+09 1.08382516e+09 1.05752670e+09 1.04231082e+09
 1.03922348e+09 1.04824631e+09 1.06831329e+09 1.09747953e+09
 1.13319596e+09 1.17262257e+09 1.21291698e+09 1.25145672e+09
 1.28598046e+09 1.31465585e+09 1.33609357e+09 1.34933089e+09
 1.35380495e+09]","[0.28765532 0.29013515 0.29746822 0.3093311  0.32517235 0.34420033
 0.36537875 0.3874417  0.40894064 0.42833269 0.44411084 0.45496401
 0.45994028 0.45857793 0.45097145 0.43775465 0.42000589 0.39910081
 0.37654806 0.35384076 0.33234428 0.31322704 0.29742956 0.28566087
 0.27841001 0.27596191 0.27841001 0.28566087 0.29742956 0.31322704
 0.33234428 0.35384076 0.37654806 0.39910081 0.42000589 0.43775465
 0.45097145 0.45857793 0.45994028 0.45496401 0.44411084 0.42833269
 0.40894064 0.3874417  0.36537875 0.34420033 0.32517235 0.3093311
 0.29746822 0.29013515 0.28765532 0.29013515 0.29746822 0.3093311
 0.32517235 0.34420033 0.36537875 0.3874417  0.40894064 0.42833269
 0.44411084 0.45496401 0.45994028 0.45857793 0.45097145 0.43775465
 0.42000589 0.39910081 0.37654806 0.35384076 0.33234428 0.31322704
 0.29742956 0.28566087 0.27841001 0.27596191 0.27841001 0.28566087
 0.29742956 0.31322704 0.33234428 0.35384076 0.37654806 0.39910081
 0.42000589 0.43775465 0.45097145 0.45857793 0.45994028 0.45496401
 0.44411084 0.42833269 0.40894064 0.3874417  0.36537875 0.34420033
 0.32517235 0.3093311  0.29746822 0.29013515 0.28765532]"
16993,C2v,50,50,1111111111111111111111111111111111111111111111111111111111111111111111111111111111111111111111111111111111111111111111111111111111111111111111111111111111111111111111111111111111111111111111111111111100011111111111111111111111111111111111111111111000000011111111111111111111111111111111111111111100000000111111111111111111111111111111111111111111000000001111111111111111111111111111111111111111110000000011111111111111111111111111111111111111111100000000111111111111111111111111111111111111111111000000000111111111111111111111111111111111111111100000000001111111111111111111111111111111111111111000000000001111111111111111111111111111111111111100000000000011111111111111111111111111111111111111000000000000111111111111111111111111111111111111110000000000001111111111111111111111111111111111111100000000000011111111111111111111111111111111111111000000000001111111111111111111111111111111111111111000000000001111111111111111111111111111111111111100000000000011111111111111111111111111111111111111000000000000100011111111111111111111111111111100010000000000000000111111111111111111111111111111000000000000000000001111111111111111111111111111110000000000000000000001111111111111111111111111111000000000000000000000011111111111111111111111111110000000000000000000000111111111111111111111111111100000000000000000000001111111111111111111111111111000000000000000000000111111111111111111111111111111000000000000000000001111111111111111111111111111110000000000000000100011111111111111111111111111111100010000000000001111111111111111111111111111111111111100000000000011111111111111111111111111111111111111000000000001111111111111111111111111111111111111111000000000001111111111111111111111111111111111111100000000000011111111111111111111111111111111111111000000000000111111111111111111111111111111111111110000000000001111111111111111111111111111111111111100000000000011111111111111111111111111111111111111000000000001111111111111111111111111111111111111111000000000011111111111111111111111111111111111111110000000001111111111111111111111111111111111111111110000000011111111111111111111111111111111111111111100000000111111111111111111111111111111111111111111000000001111111111111111111111111111111111111111110000000011111111111111111111111111111111111111111100000001111111111111111111111111111111111111111111100011111111111111111111111111111111111111111111111111111111111111111111111111111111111111111111111111111111111111111111111111111111111111111111111111111111111111111111111111111111111111111111111111111111,Plane Strain,631073135.5,206666823.2,1420726773.0,0,0,200835872.4,1e-09,,2240000000,0.49253731,"[6.01010229e+08 5.99741995e+08 5.96012371e+08 5.90053474e+08
 5.82274802e+08 5.73295974e+08 5.63989055e+08 5.55524413e+08
 5.49408646e+08 5.47495516e+08 5.51942254e+08 5.65078018e+08
 5.89156164e+08 6.25986464e+08 6.76492046e+08 7.40297424e+08
 8.15494879e+08 8.98714743e+08 9.85525929e+08 1.07105909e+09
 1.15065599e+09 1.22035916e+09 1.27714914e+09 1.31894695e+09
 1.34447010e+09 1.35304654e+09 1.34447010e+09 1.31894695e+09
 1.27714914e+09 1.22035916e+09 1.15065599e+09 1.07105909e+09
 9.85525929e+08 8.98714743e+08 8.15494879e+08 7.40297424e+08
 6.76492046e+08 6.25986464e+08 5.89156164e+08 5.65078018e+08
 5.51942254e+08 5.47495516e+08 5.49408646e+08 5.55524413e+08
 5.63989055e+08 5.73295974e+08 5.82274802e+08 5.90053474e+08
 5.96012371e+08 5.99741995e+08 6.01010229e+08 5.99741995e+08
 5.96012371e+08 5.90053474e+08 5.82274802e+08 5.73295974e+08
 5.63989055e+08 5.55524413e+08 5.49408646e+08 5.47495516e+08
 5.51942254e+08 5.65078018e+08 5.89156164e+08 6.25986464e+08
 6.76492046e+08 7.40297424e+08 8.15494879e+08 8.98714743e+08
 9.85525929e+08 1.07105909e+09 1.15065599e+09 1.22035916e+09
 1.27714914e+09 1.31894695e+09 1.34447010e+09 1.35304654e+09
 1.34447010e+09 1.31894695e+09 1.27714914e+09 1.22035916e+09
 1.15065599e+09 1.07105909e+09 9.85525929e+08 8.98714743e+08
 8.15494879e+08 7.40297424e+08 6.76492046e+08 6.25986464e+08
 5.89156164e+08 5.65078018e+08 5.51942254e+08 5.47495516e+08
 5.49408646e+08 5.55524413e+08 5.63989055e+08 5.73295974e+08
 5.82274802e+08 5.90053474e+08 5.96012371e+08 5.99741995e+08
 6.01010229e+08]","[0.32748474 0.33276931 0.34822616 0.37265277 0.40402226 0.43950558
 0.4756008  0.50842658 0.53418859 0.54974564 0.55312485 0.54381738
 0.52275588 0.49199922 0.45425404 0.41239233 0.36908052 0.32656395
 0.28659152 0.25043777 0.21897664 0.19277274 0.17216866 0.15735818
 0.14844193 0.14546557 0.14844193 0.15735818 0.17216866 0.19277274
 0.21897664 0.25043777 0.28659152 0.32656395 0.36908052 0.41239233
 0.45425404 0.49199922 0.52275588 0.54381738 0.55312485 0.54974564
 0.53418859 0.50842658 0.4756008  0.43950558 0.40402226 0.37265277
 0.34822616 0.33276931 0.32748474 0.33276931 0.34822616 0.37265277
 0.40402226 0.43950558 0.4756008  0.50842658 0.53418859 0.54974564
 0.55312485 0.54381738 0.52275588 0.49199922 0.45425404 0.41239233
 0.36908052 0.32656395 0.28659152 0.25043777 0.21897664 0.19277274
 0.17216866 0.15735818 0.14844193 0.14546557 0.14844193 0.15735818
 0.17216866 0.19277274 0.21897664 0.25043777 0.28659152 0.32656395
 0.36908052 0.41239233 0.45425404 0.49199922 0.52275588 0.54381738
 0.55312485 0.54974564 0.53418859 0.50842658 0.4756008  0.43950558
 0.40402226 0.37265277 0.34822616 0.33276931 0.32748474]"
50580,C2v,50,50,0000000000011111111110000000011111111110000000000000000000001111111111100000000111111111110000000000000000001111111111111000000001111111111111000000000000000111111111111110000000011111111111111000000000000001111111111111100000000111111111111110000000000000011111111111111000000001111111111111100000000000000111111111111110000000011111111111111000000000000001111111111111100000000111111111111110000000000000011111111111111000000001111111111111100000000000000111111111111110000000011111111111111000000000000001111111111111100000000111111111111110000000000011111111111111111000000001111111111111111100000000111111111111111110000000011111111111111111000000001111111111111111111111111111111111111111110000000011111111111111000001111000001111111111111100000000111111111111110000011110000011111111111111000000001111111111111100000111100000111111111111110000000011111111111111000001111000001111111111111100000000111111111111110000011110000011111111111111000000001111111111100000000000000000000111111111110000111111111111111000000000000000000001111111111111111111111111111110000000000000000000011111111111111111111111111111100000000000000000000111111111111111111111111111111000000000000000000001111111111111111111111111111110000000000000000000011111111111111111111111111111100000000000000000000111111111111111111111111111111000000000000000000001111111111111111111111111111110000000000000000000011111111111111111111111111111100000000000000000000111111111111111111111111111111000000000000000000001111111111111110000111111111110000000000000000000011111111111000000001111111111111100000111100000111111111111110000000011111111111111000001111000001111111111111100000000111111111111110000011110000011111111111111000000001111111111111100000111100000111111111111110000000011111111111111000001111000001111111111111100000000111111111111111111111111111111111111111111000000001111111111111111100000000111111111111111110000000011111111111111111000000001111111111111111100000000000111111111111110000000011111111111111000000000000001111111111111100000000111111111111110000000000000011111111111111000000001111111111111100000000000000111111111111110000000011111111111111000000000000001111111111111100000000111111111111110000000000000011111111111111000000001111111111111100000000000000111111111111110000000011111111111111000000000000001111111111111100000000111111111111110000000000000001111111111111000000001111111111111000000000000000000111111111110000000011111111111000000000000000000000111111111100000000111111111100000000000,Plane Strain,183996033.3,97147313.76,630536360.0,0,0,7323042.72,1e-09,,2240000000,0.49253731,"[1.69028458e+08 1.67642431e+08 1.63487026e+08 1.56575118e+08
 1.46945218e+08 1.34690231e+08 1.20004154e+08 1.03252945e+08
 8.50760701e+07 6.65216872e+07 4.92061148e+07 3.54601786e+07
 2.83760084e+07 3.16090163e+07 4.87725663e+07 8.23852477e+07
 1.32653390e+08 1.96730648e+08 2.69071426e+08 3.42865750e+08
 4.11793637e+08 4.71211106e+08 5.18421720e+08 5.52273845e+08
 5.72518616e+08 5.79243947e+08 5.72518616e+08 5.52273845e+08
 5.18421720e+08 4.71211106e+08 4.11793637e+08 3.42865750e+08
 2.69071426e+08 1.96730648e+08 1.32653390e+08 8.23852477e+07
 4.87725663e+07 3.16090163e+07 2.83760084e+07 3.54601786e+07
 4.92061148e+07 6.65216872e+07 8.50760701e+07 1.03252945e+08
 1.20004154e+08 1.34690231e+08 1.46945218e+08 1.56575118e+08
 1.63487026e+08 1.67642431e+08 1.69028458e+08 1.67642431e+08
 1.63487026e+08 1.56575118e+08 1.46945218e+08 1.34690231e+08
 1.20004154e+08 1.03252945e+08 8.50760701e+07 6.65216872e+07
 4.92061148e+07 3.54601786e+07 2.83760084e+07 3.16090163e+07
 4.87725663e+07 8.23852477e+07 1.32653390e+08 1.96730648e+08
 2.69071426e+08 3.42865750e+08 4.11793637e+08 4.71211106e+08
 5.18421720e+08 5.52273845e+08 5.72518616e+08 5.79243947e+08
 5.72518616e+08 5.52273845e+08 5.18421720e+08 4.71211106e+08
 4.11793637e+08 3.42865750e+08 2.69071426e+08 1.96730648e+08
 1.32653390e+08 8.23852477e+07 4.87725663e+07 3.16090163e+07
 2.83760084e+07 3.54601786e+07 4.92061148e+07 6.65216872e+07
 8.50760701e+07 1.03252945e+08 1.20004154e+08 1.34690231e+08
 1.46945218e+08 1.56575118e+08 1.63487026e+08 1.67642431e+08
 1.69028458e+08]","[0.52798591 0.54224953 0.58438603 0.65218559 0.74120761 0.84392403
 0.94921256 1.04298335 1.11055069 1.14040375 1.12770061 1.07544854
 0.99271909 0.8911826  0.78190672 0.67354007 0.5718782  0.48025709
 0.4002324  0.33222756 0.27603225 0.2311425  0.19697484 0.17299304
 0.15877917 0.15407091 0.15877917 0.17299304 0.19697484 0.2311425
 0.27603225 0.33222756 0.4002324  0.48025709 0.5718782  0.67354007
 0.78190672 0.8911826  0.99271909 1.07544854 1.12770061 1.14040375
 1.11055069 1.04298335 0.94921256 0.84392403 0.74120761 0.65218559
 0.58438603 0.54224953 0.52798591 0.54224953 0.58438603 0.65218559
 0.74120761 0.84392403 0.94921256 1.04298335 1.11055069 1.14040375
 1.12770061 1.07544854 0.99271909 0.8911826  0.78190672 0.67354007
 0.5718782  0.48025709 0.4002324  0.33222756 0.27603225 0.2311425
 0.19697484 0.17299304 0.15877917 0.15407091 0.15877917 0.17299304
 0.19697484 0.2311425  0.27603225 0.33222756 0.4002324  0.48025709
 0.5718782  0.67354007 0.78190672 0.8911826  0.99271909 1.07544854
 1.12770061 1.14040375 1.11055069 1.04298335 0.94921256 0.84392403
 0.74120761 0.65218559 0.58438603 0.54224953 0.52798591]"
51495,C2v,50,50,1111111111111111111111111111111111111111111111111111111111111111111111111111111111111111111111111111011111111111111111111111111111111111111111111111100111111111111111111111111111111111111111111111111001111111111111111111111111111111111111111111111110001111111111111111111111111111111111111111111111000011111111111111111111111111111111111111111111110000011111111111111111111111111111111111111111111000000111111111111111111111111111111111111111111110000000000001111111111111111111111111111111100000000000000000011111111111111111111111111111111000000000000000000111111111111111111111111111111110000000000000000000011111111111111111111111111110000000000000000000000011111111111111111111111111000000000000000000000000111111111111111111111111110000000000000000000000001111111111111111111111111100000000000000000000000001111111111111111111111110000000000000000000000000011111111111111111111111100000000000000000000000000111111111111111111111111000000000000000000000000001111111111111111111111110000000000000000000000000011111111111111111111111100000000000000000000000000111111111111111111111111000000000000000000000000001111111111111111111111110000000000000000000000000011111111111111111111111100000000000000000000000001111111111111111111111111100000000000000000000000011111111111111111111111111000000000000000000000000011111111111111111111111100000000000000000000000000111111111111111111111111000000000000000000000000001111111111111111111111110000000000000000000000000011111111111111111111111100000000000000000000000000111111111111111111111111000000000000000000000000001111111111111111111111110000000000000000000000000011111111111111111111111100000000000000000000000000111111111111111111111111000000000000000000000000011111111111111111111111111000000000000000000000000111111111111111111111111110000000000000000000000001111111111111111111111111100000000000000000000000111111111111111111111111111100000000000000000000111111111111111111111111111111110000000000000000001111111111111111111111111111111100000000000000000011111111111111111111111111111111000000000000111111111111111111111111111111111111111111110000001111111111111111111111111111111111111111111100000111111111111111111111111111111111111111111111100001111111111111111111111111111111111111111111111000111111111111111111111111111111111111111111111111001111111111111111111111111111111111111111111111110011111111111111111111111111111111111111111111111101111111111111111111111111111111111111111111111111111111111111111111111111111111111111111111111111111,Plane Strain,509173148.1,137120075.0,1107893764.0,0,0,143024127.4,1e-09,,2240000000,0.49253731,"[4.92202284e+08 4.90691976e+08 4.86219075e+08 4.78965415e+08
 4.69260010e+08 4.57617801e+08 4.44792314e+08 4.31837493e+08
 4.20167768e+08 4.11595482e+08 4.08312215e+08 4.12769947e+08
 4.27420162e+08 4.54298816e+08 4.94511323e+08 5.47758076e+08
 6.12094195e+08 6.84073444e+08 7.59275150e+08 8.33036859e+08
 9.01134155e+08 9.60210485e+08 1.00790274e+09 1.04273214e+09
 1.06388139e+09 1.07096740e+09 1.06388139e+09 1.04273214e+09
 1.00790274e+09 9.60210485e+08 9.01134155e+08 8.33036859e+08
 7.59275150e+08 6.84073444e+08 6.12094195e+08 5.47758076e+08
 4.94511323e+08 4.54298816e+08 4.27420162e+08 4.12769947e+08
 4.08312215e+08 4.11595482e+08 4.20167768e+08 4.31837493e+08
 4.44792314e+08 4.57617801e+08 4.69260010e+08 4.78965415e+08
 4.86219075e+08 4.90691976e+08 4.92202284e+08 4.90691976e+08
 4.86219075e+08 4.78965415e+08 4.69260010e+08 4.57617801e+08
 4.44792314e+08 4.31837493e+08 4.20167768e+08 4.11595482e+08
 4.08312215e+08 4.12769947e+08 4.27420162e+08 4.54298816e+08
 4.94511323e+08 5.47758076e+08 6.12094195e+08 6.84073444e+08
 7.59275150e+08 8.33036859e+08 9.01134155e+08 9.60210485e+08
 1.00790274e+09 1.04273214e+09 1.06388139e+09 1.07096740e+09
 1.06388139e+09 1.04273214e+09 1.00790274e+09 9.60210485e+08
 9.01134155e+08 8.33036859e+08 7.59275150e+08 6.84073444e+08
 6.12094195e+08 5.47758076e+08 4.94511323e+08 4.54298816e+08
 4.27420162e+08 4.12769947e+08 4.08312215e+08 4.11595482e+08
 4.20167768e+08 4.31837493e+08 4.44792314e+08 4.57617801e+08
 4.69260010e+08 4.78965415e+08 4.86219075e+08 4.90691976e+08
 4.92202284e+08]","[0.2692995  0.27560452 0.29415477 0.32381837 0.36260277 0.40756337
 0.45480841 0.49970958 0.53739102 0.56346272 0.57481699 0.57021146
 0.55041064 0.51784552 0.47595706 0.42848259 0.37889383 0.33007331
 0.28420966 0.24284074 0.20697057 0.17720592 0.15388171 0.13716242
 0.12711654 0.12376645 0.12711654 0.13716242 0.15388171 0.17720592
 0.20697057 0.24284074 0.28420966 0.33007331 0.37889383 0.42848259
 0.47595706 0.51784552 0.55041064 0.57021146 0.57481699 0.56346272
 0.53739102 0.49970958 0.45480841 0.40756337 0.36260277 0.32381837
 0.29415477 0.27560452 0.2692995  0.27560452 0.29415477 0.32381837
 0.36260277 0.40756337 0.45480841 0.49970958 0.53739102 0.56346272
 0.57481699 0.57021146 0.55041064 0.51784552 0.47595706 0.42848259
 0.37889383 0.33007331 0.28420966 0.24284074 0.20697057 0.17720592
 0.15388171 0.13716242 0.12711654 0.12376645 0.12711654 0.13716242
 0.15388171 0.17720592 0.20697057 0.24284074 0.28420966 0.33007331
 0.37889383 0.42848259 0.47595706 0.51784552 0.55041064 0.57021146
 0.57481699 0.56346272 0.53739102 0.49970958 0.45480841 0.40756337
 0.36260277 0.32381837 0.29415477 0.27560452 0.2692995 ]"
77520,C2v,50,50,1111111111111111111111111111111111111111111111111111111111111111111111111111111111111111111111111111111111111111111111111111111111111111111111111111111111111111111111111111111111111111111111111111111111111111111111111111111111111111111111111111111111111111111111111111111111111111111111111111111111111111111111111111111111111111111111111111111111111111111111111111111111111111111111111111111111111111111111111111111111111111111111111111111111111111111111111111111111111111111111111111111111111111111111111111001111111111111111111111111111110011111111111111100011111111111111111111111111111100011111111111000000111111111111111111111111111111000000111111110000000111111111111111111111111111100000001111111100000001111111111111111111111111111000000011110010000000011111111111111111111111111110000000010000000000000111111111111111111111111111100000000000000000000001111111111111111111111111111000000000000000000000011111111111111111111111111110000000000000000000000111111111111111111111111111100000000000000000000001111111111111111111111111111000000000000000000011111111111111111111111111111111110000000000000000111111111111111111111111111111111100000000000000001111111111111111111111111111111111000000000000000111111111111111111111111111111111111000000000000001111111111111111111111111111111111110000000000000001111111111111111111111111111111111000000000000000011111111111111111111111111111111110000000000000000111111111111111111111111111111111100000000000000000001111111111111111111111111111000000000000000000000011111111111111111111111111110000000000000000000000111111111111111111111111111100000000000000000000001111111111111111111111111111000000000000000000000011111111111111111111111111110000000000000100000000111111111111111111111111111100000000100111100000001111111111111111111111111111000000011111111000000011111111111111111111111111110000000111111110000001111111111111111111111111111110000001111111111100011111111111111111111111111111100011111111111111100111111111111111111111111111111001111111111111111111111111111111111111111111111111111111111111111111111111111111111111111111111111111111111111111111111111111111111111111111111111111111111111111111111111111111111111111111111111111111111111111111111111111111111111111111111111111111111111111111111111111111111111111111111111111111111111111111111111111111111111111111111111111111111111111111111111111111111111111111111111111111111111111111111111111111111111111111111111111111111111111111111111111111111111111111111111111111111111111111111111111,Plane Strain,1003756863.0,234443875.8,1260475006.0,0,0,198049508.0,1e-09,,2240000000,0.49253731,"[9.60151134e+08 9.55568258e+08 9.41932281e+08 9.19601794e+08
 8.89242247e+08 8.51923022e+08 8.09239579e+08 7.63436942e+08
 7.17491975e+08 6.75091461e+08 6.40432993e+08 6.17796022e+08
 6.10898406e+08 6.22162073e+08 6.52109797e+08 6.99126387e+08
 7.59700513e+08 8.29068645e+08 9.02028613e+08 9.73665550e+08
 1.03982693e+09 1.09731498e+09 1.14385959e+09 1.17796884e+09
 1.19874388e+09 1.20571679e+09 1.19874388e+09 1.17796884e+09
 1.14385959e+09 1.09731498e+09 1.03982693e+09 9.73665550e+08
 9.02028613e+08 8.29068645e+08 7.59700513e+08 6.99126387e+08
 6.52109797e+08 6.22162073e+08 6.10898406e+08 6.17796022e+08
 6.40432993e+08 6.75091461e+08 7.17491975e+08 7.63436942e+08
 8.09239579e+08 8.51923022e+08 8.89242247e+08 9.19601794e+08
 9.41932281e+08 9.55568258e+08 9.60151134e+08 9.55568258e+08
 9.41932281e+08 9.19601794e+08 8.89242247e+08 8.51923022e+08
 8.09239579e+08 7.63436942e+08 7.17491975e+08 6.75091461e+08
 6.40432993e+08 6.17796022e+08 6.10898406e+08 6.22162073e+08
 6.52109797e+08 6.99126387e+08 7.59700513e+08 8.29068645e+08
 9.02028613e+08 9.73665550e+08 1.03982693e+09 1.09731498e+09
 1.14385959e+09 1.17796884e+09 1.19874388e+09 1.20571679e+09
 1.19874388e+09 1.17796884e+09 1.14385959e+09 1.09731498e+09
 1.03982693e+09 9.73665550e+08 9.02028613e+08 8.29068645e+08
 7.59700513e+08 6.99126387e+08 6.52109797e+08 6.22162073e+08
 6.10898406e+08 6.17796022e+08 6.40432993e+08 6.75091461e+08
 7.17491975e+08 7.63436942e+08 8.09239579e+08 8.51923022e+08
 8.89242247e+08 9.19601794e+08 9.41932281e+08 9.55568258e+08
 9.60151134e+08]","[0.2335664  0.23818575 0.25189905 0.27424749 0.30438838 0.34099342
 0.3821428  0.4252612  0.46715827 0.50423684 0.53289728 0.55009151
 0.55388843 0.54386079 0.5211459  0.48815923 0.44807919 0.40428776
 0.35992218 0.31760914 0.27937355 0.24667029 0.22048028 0.20142455
 0.1898677  0.18599645 0.1898677  0.20142455 0.22048028 0.24667029
 0.27937355 0.31760914 0.35992218 0.40428776 0.44807919 0.48815923
 0.5211459  0.54386079 0.55388843 0.55009151 0.53289728 0.50423684
 0.46715827 0.4252612  0.3821428  0.34099342 0.30438838 0.27424749
 0.25189905 0.23818575 0.2335664  0.23818575 0.25189905 0.27424749
 0.30438838 0.34099342 0.3821428  0.4252612  0.46715827 0.50423684
 0.53289728 0.55009151 0.55388843 0.54386079 0.5211459  0.48815923
 0.44807919 0.40428776 0.35992218 0.31760914 0.27937355 0.24667029
 0.22048028 0.20142455 0.1898677  0.18599645 0.1898677  0.20142455
 0.22048028 0.24667029 0.27937355 0.31760914 0.35992218 0.40428776
 0.44807919 0.48815923 0.5211459  0.54386079 0.55388843 0.55009151
 0.53289728 0.50423684 0.46715827 0.4252612  0.3821428  0.34099342
 0.30438838 0.27424749 0.25189905 0.23818575 0.2335664 ]"
55071,C2v,50,50,0000000111111000000000000000000000000111111000000000000111111110000000000000000000000001111111100000111111111111100000000000000000000000011111111111111111111111111000000000000000000000000111111111111111111111111110000000000000000000000001111111111111111111111111100000000000000000000000011111111111111111111111111100000000000000000000001111111111111111111111100000000000000000000000000000000111111111111111111000000000000000000000000000000001111111111111111111111000000000000000000000000111111111111111111111111111111100000000000000111111111111111111111111111111111111000000000000001111111111111111111111111111111111110000000000000011111111111111111111111111111111111100000000000000111111111111111111111111111111111111111110000111111111111111111111111111111111111111111111100001111111111111111111111111111111111111111111111111111111111111111111111111111111111111111111111111111111111111111111111111111111111111111111111111111111111111111111111111111111111111111111111111111111111111111111111111111111111111111111111111111111111111111111111111111111111111111111111111111111111111111111111111111111111111111111111111111111111111111111111111111111111111111111111111111111111111111111111111111111111111111111111111111111111111111111111111111111111111111111111111111111111111111111111111111111111111111111111111111111111111111111111111111111111111111111111111111111111111111111111111111111111111111111111111111111111111111111111111111111111111111111111111111111111111111111111111111111111111111111111111111111111111111111111111111111111111111111111111111111111111111111111111111111111111111111111111111111111111111111111111111111111111111111111111111111111111111111111111111111111111111111111111111111111111111111111111111111111000011111111111111111111111111111111111111111111110000111111111111111111111111111111111111111110000000000000011111111111111111111111111111111111100000000000000111111111111111111111111111111111111000000000000001111111111111111111111111111111111110000000000000011111111111111111111111111111110000000000000000000000001111111111111111111111000000000000000000000000000000001111111111111111110000000000000000000000000000000011111111111111111111111000000000000000000000011111111111111111111111111100000000000000000000000011111111111111111111111111000000000000000000000000111111111111111111111111110000000000000000000000001111111111111111111111111100000000000000000000000011111111111110000011111111000000000000000000000000111111110000000000001111110000000000000000000000001111110000000,Plane Strain,999197316.7,106994346.4,528256039.2,0,0,127439264.8,1e-09,,2240000000,0.49253731,"[9.77526405e+08 9.71159358e+08 9.52116347e+08 9.20624008e+08
 8.77229818e+08 8.23035386e+08 7.59961795e+08 6.90953333e+08
 6.19986392e+08 5.51758971e+08 4.91035491e+08 4.41797382e+08
 4.06498421e+08 3.85715410e+08 3.78298842e+08 3.81895020e+08
 3.93589395e+08 4.10454190e+08 4.29898343e+08 4.49822577e+08
 4.68635215e+08 4.85191804e+08 4.98706665e+08 5.08665382e+08
 5.14752424e+08 5.16799053e+08 5.14752424e+08 5.08665382e+08
 4.98706665e+08 4.85191804e+08 4.68635215e+08 4.49822577e+08
 4.29898343e+08 4.10454190e+08 3.93589395e+08 3.81895020e+08
 3.78298842e+08 3.85715410e+08 4.06498421e+08 4.41797382e+08
 4.91035491e+08 5.51758971e+08 6.19986392e+08 6.90953333e+08
 7.59961795e+08 8.23035386e+08 8.77229818e+08 9.20624008e+08
 9.52116347e+08 9.71159358e+08 9.77526405e+08 9.71159358e+08
 9.52116347e+08 9.20624008e+08 8.77229818e+08 8.23035386e+08
 7.59961795e+08 6.90953333e+08 6.19986392e+08 5.51758971e+08
 4.91035491e+08 4.41797382e+08 4.06498421e+08 3.85715410e+08
 3.78298842e+08 3.81895020e+08 3.93589395e+08 4.10454190e+08
 4.29898343e+08 4.49822577e+08 4.68635215e+08 4.85191804e+08
 4.98706665e+08 5.08665382e+08 5.14752424e+08 5.16799053e+08
 5.14752424e+08 5.08665382e+08 4.98706665e+08 4.85191804e+08
 4.68635215e+08 4.49822577e+08 4.29898343e+08 4.10454190e+08
 3.93589395e+08 3.81895020e+08 3.78298842e+08 3.85715410e+08
 4.06498421e+08 4.41797382e+08 4.91035491e+08 5.51758971e+08
 6.19986392e+08 6.90953333e+08 7.59961795e+08 8.23035386e+08
 8.77229818e+08 9.20624008e+08 9.52116347e+08 9.71159358e+08
 9.77526405e+08]","[0.1070803  0.11079494 0.12193619 0.14048405 0.16636381 0.19937987
 0.23911598 0.28479975 0.33513679 0.38813702 0.44098356 0.49002832
 0.53101854 0.55963074 0.57228098 0.56701074 0.54411548 0.50622032
 0.45774389 0.4039793  0.35015868 0.30078681 0.25933679 0.22823932
 0.20903164 0.20254259 0.20903164 0.22823932 0.25933679 0.30078681
 0.35015868 0.4039793  0.45774389 0.50622032 0.54411548 0.56701074
 0.57228098 0.55963074 0.53101854 0.49002832 0.44098356 0.38813702
 0.33513679 0.28479975 0.23911598 0.19937987 0.16636381 0.14048405
 0.12193619 0.11079494 0.1070803  0.11079494 0.12193619 0.14048405
 0.16636381 0.19937987 0.23911598 0.28479975 0.33513679 0.38813702
 0.44098356 0.49002832 0.53101854 0.55963074 0.57228098 0.56701074
 0.54411548 0.50622032 0.45774389 0.4039793  0.35015868 0.30078681
 0.25933679 0.22823932 0.20903164 0.20254259 0.20903164 0.22823932
 0.25933679 0.30078681 0.35015868 0.4039793  0.45774389 0.50622032
 0.54411548 0.56701074 0.57228098 0.55963074 0.53101854 0.49002832
 0.44098356 0.38813702 0.33513679 0.28479975 0.23911598 0.19937987
 0.16636381 0.14048405 0.12193619 0.11079494 0.1070803 ]"
70582,C2v,50,50,0000000000111111111111111111111111111111000000000000000000001111111111111111111111111111110000000000000000000011111111111111111111111111111100000000000000000000111111111111111111111111111111000000000011110000011111111111111111111111111111111000001111111111111111111111111111111111111111111111111111110000111111111111111111111111111111111111111111000000001111111111111111111111111111111111111111110000000011111111111111111111111111111111111111111100000000011111111111111111111111111111111111111110000000000111111111111111111111111111111111111111100000000001111111111111111111111111111111111111111000000000000000111111111111111111111111111111000000000000000000001111111111111111111111111111110000000000000000000011111111111111111111111111111100000000000000000000111111111111111111111111111111000000000000000000001111111111111111111111111111110000000000000000000011111111111111111111111111111100000000000000000000111111111111111111111111111111000000000000000000001111111111111111111111111111110000000000000000000011111111111111111111111111111100000000000000111111111111111111111111111111111111111111000000001111111111111111111111111111111111111111110000000011111111111111111111111111111111111111111100000000111111111111111111111111111111111111111111000000001111111111111111111111111111111111111111110000000011111111111111111111111111111111111111111100000000111111111111111111111111111111111111111111000000001111111111111111111111111111111111111111110000000000000011111111111111111111111111111100000000000000000000111111111111111111111111111111000000000000000000001111111111111111111111111111110000000000000000000011111111111111111111111111111100000000000000000000111111111111111111111111111111000000000000000000001111111111111111111111111111110000000000000000000011111111111111111111111111111100000000000000000000111111111111111111111111111111000000000000000000001111111111111111111111111111110000000000000001111111111111111111111111111111111111111000000000011111111111111111111111111111111111111110000000000111111111111111111111111111111111111111100000000011111111111111111111111111111111111111111100000000111111111111111111111111111111111111111111000000001111111111111111111111111111111111111111110000111111111111111111111111111111111111111111111111111111000001111111111111111111111111111111100000111100000000001111111111111111111111111111110000000000000000000011111111111111111111111111111100000000000000000000111111111111111111111111111111000000000000000000001111111111111111111111111111110000000000,Plane Strain,235333962.1,54020417.99,1237410606.0,0,0,11045388.89,1e-09,,2240000000,0.49253731,"[2.32975646e+08 2.31245063e+08 2.26044844e+08 2.17354590e+08
 2.05158356e+08 1.89476811e+08 1.70423428e+08 1.48298316e+08
 1.23740026e+08 9.79625367e+07 7.31054595e+07 5.27039289e+07
 4.22050166e+07 4.92661682e+07 8.32527835e+07 1.53115281e+08
 2.63325930e+08 4.09438714e+08 5.76913310e+08 7.45626183e+08
 8.97458506e+08 1.02148367e+09 1.11429042e+09 1.17722947e+09
 1.21330002e+09 1.22501033e+09 1.21330002e+09 1.17722947e+09
 1.11429042e+09 1.02148367e+09 8.97458506e+08 7.45626183e+08
 5.76913310e+08 4.09438714e+08 2.63325930e+08 1.53115281e+08
 8.32527835e+07 4.92661682e+07 4.22050166e+07 5.27039289e+07
 7.31054595e+07 9.79625367e+07 1.23740026e+08 1.48298316e+08
 1.70423428e+08 1.89476811e+08 2.05158356e+08 2.17354590e+08
 2.26044844e+08 2.31245063e+08 2.32975646e+08 2.31245063e+08
 2.26044844e+08 2.17354590e+08 2.05158356e+08 1.89476811e+08
 1.70423428e+08 1.48298316e+08 1.23740026e+08 9.79625367e+07
 7.31054595e+07 5.27039289e+07 4.22050166e+07 4.92661682e+07
 8.32527835e+07 1.53115281e+08 2.63325930e+08 4.09438714e+08
 5.76913310e+08 7.45626183e+08 8.97458506e+08 1.02148367e+09
 1.11429042e+09 1.17722947e+09 1.21330002e+09 1.22501033e+09
 1.21330002e+09 1.17722947e+09 1.11429042e+09 1.02148367e+09
 8.97458506e+08 7.45626183e+08 5.76913310e+08 4.09438714e+08
 2.63325930e+08 1.53115281e+08 8.32527835e+07 4.92661682e+07
 4.22050166e+07 5.27039289e+07 7.31054595e+07 9.79625367e+07
 1.23740026e+08 1.48298316e+08 1.70423428e+08 1.89476811e+08
 2.05158356e+08 2.17354590e+08 2.26044844e+08 2.31245063e+08
 2.32975646e+08]","[0.22954791 0.25291118 0.3227204  0.43740787 0.5919579  0.77467139
 0.96438035 1.13127793 1.24429047 1.28305078 1.24630658 1.15005963
 1.01799205 0.87208672 0.72805567 0.5950537  0.47732067 0.37604782
 0.29080039 0.22042279 0.16355326 0.1188909  0.08532121 0.06196692
 0.0482028  0.04365602 0.0482028  0.06196692 0.08532121 0.1188909
 0.16355326 0.22042279 0.29080039 0.37604782 0.47732067 0.5950537
 0.72805567 0.87208672 1.01799205 1.15005963 1.24630658 1.28305078
 1.24429047 1.13127793 0.96438035 0.77467139 0.5919579  0.43740787
 0.3227204  0.25291118 0.22954791 0.25291118 0.3227204  0.43740787
 0.5919579  0.77467139 0.96438035 1.13127793 1.24429047 1.28305078
 1.24630658 1.15005963 1.01799205 0.87208672 0.72805567 0.5950537
 0.47732067 0.37604782 0.29080039 0.22042279 0.16355326 0.1188909
 0.08532121 0.06196692 0.0482028  0.04365602 0.0482028  0.06196692
 0.08532121 0.1188909  0.16355326 0.22042279 0.29080039 0.37604782
 0.47732067 0.5950537  0.72805567 0.87208672 1.01799205 1.15005963
 1.24630658 1.28305078 1.24429047 1.13127793 0.96438035 0.77467139
 0.5919579  0.43740787 0.3227204  0.25291118 0.22954791]"
60035,C2v,50,50,0001111111111111111111111111111111111111111111100000011111111111111111111111111111111111111111111000000111111111111111111111111111111111111111111110000001111111111111111111111111111111111111111111100000011111111111111111111111111111111111111111111000000111111111111111111111111111111111111111111110000001111111111111111111111111111111111111111111100000011111111111111111111111111111111111111111111000000111111111111111111111111111111111111111111110000001111111111111111111111111111111111111111111100000011111111111111111111111111111111111111111111000000111111111111111111111111111111111111111111110000011111111111111111111111111111111111111111111110011111111111111111111111111111111111111111111111111111111111111111111111111111111111111111111111111111111111111111111111111111111111111111111111111111111111111111111111111111111111111111111111111111111111111111111111111111111111111111111111111111111111111111111111111111111111111111111111111111111111111111111111111111111111111111111111111111111111111111111111111111111111111111111111111111111111111111111111111111111111111111111111111111111111111111111111111111111111111111111111111111111111111111111111111111111111111111111111111111111111111111111110000111111111111111111111111111111111111111111000000001111111111111111111111111111111111111111110000111111111111111111111111111111111111111111111111111111111111111111111111111111111111111111111111111111111111111111111111111111111111111111111111111111111111111111111111111111111111111111111111111111111111111111111111111111111111111111111111111111111111111111111111111111111111111111111111111111111111111111111111111111111111111111111111111111111111111111111111111111111111111111111111111111111111111111111111111111111111111111111111111111111111111111111111111111111111111111111111111111111111111111111111111111111111111111111111111111111111111111111100111111111111111111111111111111111111111111111100000111111111111111111111111111111111111111111110000001111111111111111111111111111111111111111111100000011111111111111111111111111111111111111111111000000111111111111111111111111111111111111111111110000001111111111111111111111111111111111111111111100000011111111111111111111111111111111111111111111000000111111111111111111111111111111111111111111110000001111111111111111111111111111111111111111111100000011111111111111111111111111111111111111111111000000111111111111111111111111111111111111111111110000001111111111111111111111111111111111111111111100000011111111111111111111111111111111111111111111000,Plane Strain,1344701404.0,424219784.0,1910864826.0,0,0,482590081.0,1e-09,,2240000000,0.49253731,"[1.25052288e+09 1.24984508e+09 1.24790646e+09 1.24499083e+09
 1.24156845e+09 1.23828936e+09 1.23596911e+09 1.23556240e+09
 1.23811994e+09 1.24472474e+09 1.25640654e+09 1.27403736e+09
 1.29821719e+09 1.32916444e+09 1.36663012e+09 1.40985441e+09
 1.45757905e+09 1.50811838e+09 1.55947985e+09 1.60951482e+09
 1.65607585e+09 1.69715886e+09 1.73101597e+09 1.75623400e+09
 1.77178174e+09 1.77703406e+09 1.77178174e+09 1.75623400e+09
 1.73101597e+09 1.69715886e+09 1.65607585e+09 1.60951482e+09
 1.55947985e+09 1.50811838e+09 1.45757905e+09 1.40985441e+09
 1.36663012e+09 1.32916444e+09 1.29821719e+09 1.27403736e+09
 1.25640654e+09 1.24472474e+09 1.23811994e+09 1.23556240e+09
 1.23596911e+09 1.23828936e+09 1.24156845e+09 1.24499083e+09
 1.24790646e+09 1.24984508e+09 1.25052288e+09 1.24984508e+09
 1.24790646e+09 1.24499083e+09 1.24156845e+09 1.23828936e+09
 1.23596911e+09 1.23556240e+09 1.23811994e+09 1.24472474e+09
 1.25640654e+09 1.27403736e+09 1.29821719e+09 1.32916444e+09
 1.36663012e+09 1.40985441e+09 1.45757905e+09 1.50811838e+09
 1.55947985e+09 1.60951482e+09 1.65607585e+09 1.69715886e+09
 1.73101597e+09 1.75623400e+09 1.77178174e+09 1.77703406e+09
 1.77178174e+09 1.75623400e+09 1.73101597e+09 1.69715886e+09
 1.65607585e+09 1.60951482e+09 1.55947985e+09 1.50811838e+09
 1.45757905e+09 1.40985441e+09 1.36663012e+09 1.32916444e+09
 1.29821719e+09 1.27403736e+09 1.25640654e+09 1.24472474e+09
 1.23811994e+09 1.23556240e+09 1.23596911e+09 1.23828936e+09
 1.24156845e+09 1.24499083e+09 1.24790646e+09 1.24984508e+09
 1.25052288e+09]","[0.31547508 0.31678266 0.32059419 0.32658184 0.33421932 0.3428141
 0.35155498 0.359575   0.36602637 0.37016015 0.37140033 0.36940083
 0.36407585 0.35559898 0.34437296 0.3309773  0.31610464 0.30049667
 0.28488816 0.26996402 0.25633068 0.24450048 0.23488598 0.22780083
 0.2234639  0.22200408 0.2234639  0.22780083 0.23488598 0.24450048
 0.25633068 0.26996402 0.28488816 0.30049667 0.31610464 0.3309773
 0.34437296 0.35559898 0.36407585 0.36940083 0.37140033 0.37016015
 0.36602637 0.359575   0.35155498 0.3428141  0.33421932 0.32658184
 0.32059419 0.31678266 0.31547508 0.31678266 0.32059419 0.32658184
 0.33421932 0.3428141  0.35155498 0.359575   0.36602637 0.37016015
 0.37140033 0.36940083 0.36407585 0.35559898 0.34437296 0.3309773
 0.31610464 0.30049667 0.28488816 0.26996402 0.25633068 0.24450048
 0.23488598 0.22780083 0.2234639  0.22200408 0.2234639  0.22780083
 0.23488598 0.24450048 0.25633068 0.26996402 0.28488816 0.30049667
 0.31610464 0.3309773  0.34437296 0.35559898 0.36407585 0.36940083
 0.37140033 0.37016015 0.36602637 0.359575   0.35155498 0.3428141
 0.33421932 0.32658184 0.32059419 0.31678266 0.31547508]"
10817,C2v,50,50,1111111111111111111111111111111111111111111111111111111111111111111111111111111111111111111111111111000000011111111111111111111111111111111111100000000000000111111111111111111111111111111111111000000000000000111111111111111111111111111111111100000000000000001111111111111111111111111111111111000000000000000011111111111111111111111111111111110000000000000000011111111111111111111111111111111000000000000000000111111111111111111111111111111110000000000000000000001111111111111111111111111100000000000000000000000011111111111111111111111111000000000000000000000000111111111111111111111111110000000000000000000000001111111111111111111111111100000000000000000000000001111111111111111111111110000000000000000000000000011111111111111111111111100000000000000000000000000111111111111111111111111000000000000000000000000000000111111111111111100000000000000000000000000000000001111111111111111000000000000000000000000000000000011111111111111110000000000000000000000000000000000111111111111111100000000000000000000000000000000001111111111111111000000000000000000000000000000000011111111111111110000000000000000000000000000000011111111111111111111000000000000000000000000000001111111111111111111111000000000000000000000000000001111111111111111111100000000000000000000000000000011111111111111111111000000000000000000000000000001111111111111111111111000000000000000000000000000001111111111111111111100000000000000000000000000000000111111111111111100000000000000000000000000000000001111111111111111000000000000000000000000000000000011111111111111110000000000000000000000000000000000111111111111111100000000000000000000000000000000001111111111111111000000000000000000000000000000000011111111111111110000000000000000000000000000001111111111111111111111110000000000000000000000000011111111111111111111111100000000000000000000000000111111111111111111111111000000000000000000000000011111111111111111111111111000000000000000000000000111111111111111111111111110000000000000000000000001111111111111111111111111100000000000000000000000011111111111111111111111111000000000000000000000111111111111111111111111111111110000000000000000001111111111111111111111111111111100000000000000000111111111111111111111111111111111100000000000000001111111111111111111111111111111111000000000000000011111111111111111111111111111111110000000000000001111111111111111111111111111111111110000000000000011111111111111111111111111111111111100000001111111111111111111111111111111111111111111111111111111111111111111111111111111111111111111111111111,Plane Strain,307843781.2,65547560.8,791157378.2,0,0,21735874.71,1e-09,,2240000000,0.49253731,"[3.02413152e+08 3.00229568e+08 2.93674286e+08 2.82742213e+08
 2.67455095e+08 2.47913608e+08 2.24383935e+08 1.97431881e+08
 1.68117091e+08 1.38248773e+08 1.10669727e+08 8.94621540e+07
 7.98579349e+07 8.75526637e+07 1.17236371e+08 1.70640186e+08
 2.45083559e+08 3.33655126e+08 4.27209510e+08 5.17034575e+08
 5.96725185e+08 6.62666254e+08 7.13490686e+08 7.49177476e+08
 7.70244861e+08 7.77200680e+08 7.70244861e+08 7.49177476e+08
 7.13490686e+08 6.62666254e+08 5.96725185e+08 5.17034575e+08
 4.27209510e+08 3.33655126e+08 2.45083559e+08 1.70640186e+08
 1.17236371e+08 8.75526637e+07 7.98579349e+07 8.94621540e+07
 1.10669727e+08 1.38248773e+08 1.68117091e+08 1.97431881e+08
 2.24383935e+08 2.47913608e+08 2.67455095e+08 2.82742213e+08
 2.93674286e+08 3.00229568e+08 3.02413152e+08 3.00229568e+08
 2.93674286e+08 2.82742213e+08 2.67455095e+08 2.47913608e+08
 2.24383935e+08 1.97431881e+08 1.68117091e+08 1.38248773e+08
 1.10669727e+08 8.94621540e+07 7.98579349e+07 8.75526637e+07
 1.17236371e+08 1.70640186e+08 2.45083559e+08 3.33655126e+08
 4.27209510e+08 5.17034575e+08 5.96725185e+08 6.62666254e+08
 7.13490686e+08 7.49177476e+08 7.70244861e+08 7.77200680e+08
 7.70244861e+08 7.49177476e+08 7.13490686e+08 6.62666254e+08
 5.96725185e+08 5.17034575e+08 4.27209510e+08 3.33655126e+08
 2.45083559e+08 1.70640186e+08 1.17236371e+08 8.75526637e+07
 7.98579349e+07 8.94621540e+07 1.10669727e+08 1.38248773e+08
 1.68117091e+08 1.97431881e+08 2.24383935e+08 2.47913608e+08
 2.67455095e+08 2.82742213e+08 2.93674286e+08 3.00229568e+08
 3.02413152e+08]","[0.21292475 0.22530041 0.26230896 0.32340361 0.40702803 0.50966662
 0.62470116 0.74158098 0.84619316 0.92326818 0.96060479 0.95318705
 0.90463812 0.82513231 0.72736956 0.62300606 0.52080479 0.42636699
 0.34271645 0.27110934 0.21174453 0.16427835 0.12815844 0.10282396
 0.08781863 0.08285022 0.08781863 0.10282396 0.12815844 0.16427835
 0.21174453 0.27110934 0.34271645 0.42636699 0.52080479 0.62300606
 0.72736956 0.82513231 0.90463812 0.95318705 0.96060479 0.92326818
 0.84619316 0.74158098 0.62470116 0.50966662 0.40702803 0.32340361
 0.26230896 0.22530041 0.21292475 0.22530041 0.26230896 0.32340361
 0.40702803 0.50966662 0.62470116 0.74158098 0.84619316 0.92326818
 0.96060479 0.95318705 0.90463812 0.82513231 0.72736956 0.62300606
 0.52080479 0.42636699 0.34271645 0.27110934 0.21174453 0.16427835
 0.12815844 0.10282396 0.08781863 0.08285022 0.08781863 0.10282396
 0.12815844 0.16427835 0.21174453 0.27110934 0.34271645 0.42636699
 0.52080479 0.62300606 0.72736956 0.82513231 0.90463812 0.95318705
 0.96060479 0.92326818 0.84619316 0.74158098 0.62470116 0.50966662
 0.40702803 0.32340361 0.26230896 0.22530041 0.21292475]"
42581,C2v,50,50,0000001111111111111111111111111111111111111100000000000011111111111111111111111111111111111111000000000000111111111111111111111111111111111111110000000000001111111111111111111111111111111111111100000000000011111111111111111111111111111111111111000000000000111111111111111111111111111111111111110000000000001111111111111111111111111111111111111100000000000011111111111111111111111111111111111111000000000000111111111111111111111111111111111111110000000000001111111111111111111111111111111111111100000000000011111111111111111111111111111111111111000000000000111111111111111111111111111111111111110000000000001111111111111111111111111111111111111100000000000011111111111111111111111111111111111111000000000000111111111111111111111111111111111111110000000000001111111111111111111111111111111111111100000000000011111111111111111111111111111111111111000000000001111111111111111111111111111111111111111000000000011111111111111111111111111111111111111110000000000111111111111111111111111111111111111111100000000001111111111111111111111111111111111111111000001100111111111111111111111111111111111111111111001111111111111111111111111111111111111111111111111111111111111111111111111111111111111111111111111111111111111111111111111111111111111111111111111111111111111111111111111111111111111111111111111111111111111111111111111111111111111111111111111111111111111111111111111111111111111111111111111111111111111111001111111111111111111111111111111111111111110011000001111111111111111111111111111111111111111000000000011111111111111111111111111111111111111110000000000111111111111111111111111111111111111111100000000001111111111111111111111111111111111111111000000000001111111111111111111111111111111111111100000000000011111111111111111111111111111111111111000000000000111111111111111111111111111111111111110000000000001111111111111111111111111111111111111100000000000011111111111111111111111111111111111111000000000000111111111111111111111111111111111111110000000000001111111111111111111111111111111111111100000000000011111111111111111111111111111111111111000000000000111111111111111111111111111111111111110000000000001111111111111111111111111111111111111100000000000011111111111111111111111111111111111111000000000000111111111111111111111111111111111111110000000000001111111111111111111111111111111111111100000000000011111111111111111111111111111111111111000000000000111111111111111111111111111111111111110000000000001111111111111111111111111111111111111100000000000011111111111111111111111111111111111111000000,Plane Strain,504375456.9,154668325.2,1590437355.0,0,0,116511120.5,1e-09,,2240000000,0.49253731,"[4.89334128e+08 4.87313693e+08 4.81299426e+08 4.71442979e+08
 4.58033292e+08 4.41554498e+08 4.22773376e+08 4.02860157e+08
 3.83541806e+08 3.67274345e+08 3.57395142e+08 3.58173723e+08
 3.74627246e+08 4.11936350e+08 4.74357721e+08 5.63756846e+08
 6.78251548e+08 8.11713222e+08 9.54651221e+08 1.09626369e+09
 1.22672200e+09 1.33870098e+09 1.42775666e+09 1.49180481e+09
 1.53022269e+09 1.54300783e+09 1.53022269e+09 1.49180481e+09
 1.42775666e+09 1.33870098e+09 1.22672200e+09 1.09626369e+09
 9.54651221e+08 8.11713222e+08 6.78251548e+08 5.63756846e+08
 4.74357721e+08 4.11936350e+08 3.74627246e+08 3.58173723e+08
 3.57395142e+08 3.67274345e+08 3.83541806e+08 4.02860157e+08
 4.22773376e+08 4.41554498e+08 4.58033292e+08 4.71442979e+08
 4.81299426e+08 4.87313693e+08 4.89334128e+08 4.87313693e+08
 4.81299426e+08 4.71442979e+08 4.58033292e+08 4.41554498e+08
 4.22773376e+08 4.02860157e+08 3.83541806e+08 3.67274345e+08
 3.57395142e+08 3.58173723e+08 3.74627246e+08 4.11936350e+08
 4.74357721e+08 5.63756846e+08 6.78251548e+08 8.11713222e+08
 9.54651221e+08 1.09626369e+09 1.22672200e+09 1.33870098e+09
 1.42775666e+09 1.49180481e+09 1.53022269e+09 1.54300783e+09
 1.53022269e+09 1.49180481e+09 1.42775666e+09 1.33870098e+09
 1.22672200e+09 1.09626369e+09 9.54651221e+08 8.11713222e+08
 6.78251548e+08 5.63756846e+08 4.74357721e+08 4.11936350e+08
 3.74627246e+08 3.58173723e+08 3.57395142e+08 3.67274345e+08
 3.83541806e+08 4.02860157e+08 4.22773376e+08 4.41554498e+08
 4.58033292e+08 4.71442979e+08 4.81299426e+08 4.87313693e+08
 4.89334128e+08]","[0.30665316 0.31749262 0.34941447 0.4004942  0.46712928 0.54365403
 0.62223983 0.69347008 0.74780913 0.77769387 0.77941399 0.75384452
 0.70569472 0.6417799  0.56920608 0.49411156 0.42112253 0.35334655
 0.29264244 0.23996639 0.19568646 0.15982715 0.13224255 0.11273123
 0.10110849 0.09724893 0.10110849 0.11273123 0.13224255 0.15982715
 0.19568646 0.23996639 0.29264244 0.35334655 0.42112253 0.49411156
 0.56920608 0.6417799  0.70569472 0.75384452 0.77941399 0.77769387
 0.74780913 0.69347008 0.62223983 0.54365403 0.46712928 0.4004942
 0.34941447 0.31749262 0.30665316 0.31749262 0.34941447 0.4004942
 0.46712928 0.54365403 0.62223983 0.69347008 0.74780913 0.77769387
 0.77941399 0.75384452 0.70569472 0.6417799  0.56920608 0.49411156
 0.42112253 0.35334655 0.29264244 0.23996639 0.19568646 0.15982715
 0.13224255 0.11273123 0.10110849 0.09724893 0.10110849 0.11273123
 0.13224255 0.15982715 0.19568646 0.23996639 0.29264244 0.35334655
 0.42112253 0.49411156 0.56920608 0.6417799  0.70569472 0.75384452
 0.77941399 0.77769387 0.74780913 0.69347008 0.62223983 0.54365403
 0.46712928 0.4004942  0.34941447 0.31749262 0.30665316]"
37788,C2v,50,50,1111111111111111111111111111111111111111111111111111111111111111111111111111111111111111111111111111000001111111111111111111111111111111111111111000000000011111111111111111111111111111111111111110000000000111111111111111111111111111111111111111100000000000111111111111111111111111111111111111110000000000000001111111111111111111111111111111100000000000000000011111111111111111111111111111111000000000000000000111111111111111111111111111111110000000000000000001111111111111111111111111111111100000000000000000011111111111111111111111111111111000000000000000000111111111111111111111111111111110000000000000000000111111111111111111111111111111000000000000000000001111111111111111111111111111110000000000000000000001111111111111111111111111111000000000000000000000011111111111111111111111111110000000000000000000000111111111111111111111111111100000000000000000000001111111111111111111111111111000000000000000000000011111111111111111111111111110000000000000000000000111111111111111111111111111100000000000000000000011111111111111111111111111111100000000000000001111111111111111111111111111111111111100000000000111111111111111111111111111111111111111100000000000111111111111111111111111111111111111110000000000001111111111111111111111111111111111111100000000000011111111111111111111111111111111111111000000000000111111111111111111111111111111111111110000000000011111111111111111111111111111111111111110000000000011111111111111111111111111111111111111000000000000000011111111111111111111111111111100000000000000000000011111111111111111111111111110000000000000000000000111111111111111111111111111100000000000000000000001111111111111111111111111111000000000000000000000011111111111111111111111111110000000000000000000000111111111111111111111111111100000000000000000000001111111111111111111111111111000000000000000000000111111111111111111111111111111000000000000000000001111111111111111111111111111110000000000000000000111111111111111111111111111111110000000000000000001111111111111111111111111111111100000000000000000011111111111111111111111111111111000000000000000000111111111111111111111111111111110000000000000000001111111111111111111111111111111100000000000000000011111111111111111111111111111111000000000000000111111111111111111111111111111111111110000000000011111111111111111111111111111111111111110000000000111111111111111111111111111111111111111100000000001111111111111111111111111111111111111111000001111111111111111111111111111111111111111111111111111111111111111111111111111111111111111111111111111,Plane Strain,353438985.0,96513861.65,1231607572.0,0,0,42112937.14,1e-09,,2240000000,0.49253731,"[3.45875760e+08 3.43704827e+08 3.37201167e+08 3.26400885e+08
 3.11394823e+08 2.92380460e+08 2.69746661e+08 2.44203203e+08
 2.16967953e+08 1.90018284e+08 1.66389824e+08 1.50449529e+08
 1.47968654e+08 1.65695508e+08 2.10090783e+08 2.85164528e+08
 3.90081282e+08 5.17966049e+08 6.57139742e+08 7.94447715e+08
 9.18780149e+08 1.02298225e+09 1.10379593e+09 1.16064011e+09
 1.19418473e+09 1.20525246e+09 1.19418473e+09 1.16064011e+09
 1.10379593e+09 1.02298225e+09 9.18780149e+08 7.94447715e+08
 6.57139742e+08 5.17966049e+08 3.90081282e+08 2.85164528e+08
 2.10090783e+08 1.65695508e+08 1.47968654e+08 1.50449529e+08
 1.66389824e+08 1.90018284e+08 2.16967953e+08 2.44203203e+08
 2.69746661e+08 2.92380460e+08 3.11394823e+08 3.26400885e+08
 3.37201167e+08 3.43704827e+08 3.45875760e+08 3.43704827e+08
 3.37201167e+08 3.26400885e+08 3.11394823e+08 2.92380460e+08
 2.69746661e+08 2.44203203e+08 2.16967953e+08 1.90018284e+08
 1.66389824e+08 1.50449529e+08 1.47968654e+08 1.65695508e+08
 2.10090783e+08 2.85164528e+08 3.90081282e+08 5.17966049e+08
 6.57139742e+08 7.94447715e+08 9.18780149e+08 1.02298225e+09
 1.10379593e+09 1.16064011e+09 1.19418473e+09 1.20525246e+09
 1.19418473e+09 1.16064011e+09 1.10379593e+09 1.02298225e+09
 9.18780149e+08 7.94447715e+08 6.57139742e+08 5.17966049e+08
 3.90081282e+08 2.85164528e+08 2.10090783e+08 1.65695508e+08
 1.47968654e+08 1.50449529e+08 1.66389824e+08 1.90018284e+08
 2.16967953e+08 2.44203203e+08 2.69746661e+08 2.92380460e+08
 3.11394823e+08 3.26400885e+08 3.37201167e+08 3.43704827e+08
 3.45875760e+08]","[0.27307079 0.28775923 0.33140165 0.40244746 0.49741222 0.60973633
 0.72881963 0.84014884 0.9274665  0.97696105 0.98168784 0.94355404
 0.87166674 0.77841189 0.67569485 0.57280219 0.475902   0.38850135
 0.31221219 0.24746331 0.19403444 0.15141181 0.11900679 0.09628223
 0.08282156 0.07836413 0.08282156 0.09628223 0.11900679 0.15141181
 0.19403444 0.24746331 0.31221219 0.38850135 0.475902   0.57280219
 0.67569485 0.77841189 0.87166674 0.94355404 0.98168784 0.97696105
 0.9274665  0.84014884 0.72881963 0.60973633 0.49741222 0.40244746
 0.33140165 0.28775923 0.27307079 0.28775923 0.33140165 0.40244746
 0.49741222 0.60973633 0.72881963 0.84014884 0.9274665  0.97696105
 0.98168784 0.94355404 0.87166674 0.77841189 0.67569485 0.57280219
 0.475902   0.38850135 0.31221219 0.24746331 0.19403444 0.15141181
 0.11900679 0.09628223 0.08282156 0.07836413 0.08282156 0.09628223
 0.11900679 0.15141181 0.19403444 0.24746331 0.31221219 0.38850135
 0.475902   0.57280219 0.67569485 0.77841189 0.87166674 0.94355404
 0.98168784 0.97696105 0.9274665  0.84014884 0.72881963 0.60973633
 0.49741222 0.40244746 0.33140165 0.28775923 0.27307079]"
45187,C2v,50,50,1111111111111111111111111111111111111111111111111111111111111111111111111111111111111111111111111111011111111111111111111111111111111111111111111111100111111111111111111111111111111111111111111111111000111111111111111111111111111111111111111111111100001111111111111111111111111111111111111111111111000001111111111111111111111111111111111111111111100000011111111111111111111111111111111111111111111000000111111111111111111111111111111111111111111110000000111000111111111111111111111111111111000111000000001110001111111111111111111111111111110001110000000011100011111111111111111111111111111100011100000000000000001111111111111111111111111100000000000000000000000001111111111111111111111110000000000000000000000000011111111111111111111111100000000000000000000000000111111111111111111111111000000000000000000000000000111111111111111111111100000000000000000000000000001111111111111111111111000000000000000000000000000011111111111111111111110000000000000000000000000000011111111111111111111000000000000000000000000000000111111111111111111110000000000000000000000000000001111111111111111111100000000000000000000000000000011111111111111111111000000000000000000000000000000111111111111111111110000000000000000000000000000011111111111111111111110000000000000000000000000000111111111111111111111100000000000000000000000000000111111111111111111110000000000000000000000000000001111111111111111111100000000000000000000000000000011111111111111111111000000000000000000000000000000111111111111111111110000000000000000000000000000001111111111111111111100000000000000000000000000000111111111111111111111100000000000000000000000000001111111111111111111111000000000000000000000000000011111111111111111111110000000000000000000000000001111111111111111111111110000000000000000000000000011111111111111111111111100000000000000000000000000111111111111111111111111000000000000000000000000011111111111111111111111111000000000000000011100011111111111111111111111111111100011100000000111000111111111111111111111111111111000111000000001110001111111111111111111111111111110001110000000111111111111111111111111111111111111111111110000001111111111111111111111111111111111111111111100000011111111111111111111111111111111111111111111000001111111111111111111111111111111111111111111111000011111111111111111111111111111111111111111111110001111111111111111111111111111111111111111111111110011111111111111111111111111111111111111111111111101111111111111111111111111111111111111111111111111111111111111111111111111111111111111111111111111111,Plane Strain,502973493.9,122977754.8,983326951.4,0,0,125011047.0,1e-09,,2240000000,0.49253731,"[4.87593535e+08 4.85765319e+08 4.80334690e+08 4.71472647e+08
 4.59494148e+08 4.44903159e+08 4.28454384e+08 4.11226488e+08
 3.94693959e+08 3.80772674e+08 3.71799067e+08 3.70391427e+08
 3.79148256e+08 4.00180502e+08 4.34557451e+08 4.81840222e+08
 5.39912405e+08 6.05232441e+08 6.73447676e+08 7.40142871e+08
 8.01461614e+08 8.54443900e+08 8.97073329e+08 9.28128291e+08
 9.46955548e+08 9.53258711e+08 9.46955548e+08 9.28128291e+08
 8.97073329e+08 8.54443900e+08 8.01461614e+08 7.40142871e+08
 6.73447676e+08 6.05232441e+08 5.39912405e+08 4.81840222e+08
 4.34557451e+08 4.00180502e+08 3.79148256e+08 3.70391427e+08
 3.71799067e+08 3.80772674e+08 3.94693959e+08 4.11226488e+08
 4.28454384e+08 4.44903159e+08 4.59494148e+08 4.71472647e+08
 4.80334690e+08 4.85765319e+08 4.87593535e+08 4.85765319e+08
 4.80334690e+08 4.71472647e+08 4.59494148e+08 4.44903159e+08
 4.28454384e+08 4.11226488e+08 3.94693959e+08 3.80772674e+08
 3.71799067e+08 3.70391427e+08 3.79148256e+08 4.00180502e+08
 4.34557451e+08 4.81840222e+08 5.39912405e+08 6.05232441e+08
 6.73447676e+08 7.40142871e+08 8.01461614e+08 8.54443900e+08
 8.97073329e+08 9.28128291e+08 9.46955548e+08 9.53258711e+08
 9.46955548e+08 9.28128291e+08 8.97073329e+08 8.54443900e+08
 8.01461614e+08 7.40142871e+08 6.73447676e+08 6.05232441e+08
 5.39912405e+08 4.81840222e+08 4.34557451e+08 4.00180502e+08
 3.79148256e+08 3.70391427e+08 3.71799067e+08 3.80772674e+08
 3.94693959e+08 4.11226488e+08 4.28454384e+08 4.44903159e+08
 4.59494148e+08 4.71472647e+08 4.80334690e+08 4.85765319e+08
 4.87593535e+08]","[0.24450146 0.25078684 0.26934755 0.29925349 0.33882304 0.38547984
 0.43566725 0.48493469 0.52830248 0.56093349 0.5789886  0.58039411
 0.56521932 0.53551315 0.49469409 0.446761   0.39559777 0.34452515
 0.29611504 0.25219934 0.21398554 0.18220881 0.15727793 0.13939557
 0.12864759 0.12506294 0.12864759 0.13939557 0.15727793 0.18220881
 0.21398554 0.25219934 0.29611504 0.34452515 0.39559777 0.446761
 0.49469409 0.53551315 0.56521932 0.58039411 0.5789886  0.56093349
 0.52830248 0.48493469 0.43566725 0.38547984 0.33882304 0.29925349
 0.26934755 0.25078684 0.24450146 0.25078684 0.26934755 0.29925349
 0.33882304 0.38547984 0.43566725 0.48493469 0.52830248 0.56093349
 0.5789886  0.58039411 0.56521932 0.53551315 0.49469409 0.446761
 0.39559777 0.34452515 0.29611504 0.25219934 0.21398554 0.18220881
 0.15727793 0.13939557 0.12864759 0.12506294 0.12864759 0.13939557
 0.15727793 0.18220881 0.21398554 0.25219934 0.29611504 0.34452515
 0.39559777 0.446761   0.49469409 0.53551315 0.56521932 0.58039411
 0.5789886  0.56093349 0.52830248 0.48493469 0.43566725 0.38547984
 0.33882304 0.29925349 0.26934755 0.25078684 0.24450146]"
133,C2v,50,50,1111111111111111111111111111111111111111111111111111111111111111111111111111111111111111111111111111111111111111111111111111111111111111111111111111111111111111111111111111111111111111111111111111111111111111111111111111111111111111111111111111111111111111111111111111111111111111111111111111111111111111111111111111111111111111111111111111111111111111111111111111111111111111111111111111111111111111111111111111111111111111111111111111111111111111111111111111111111111111111111111111111111111111111100111111111111111111110000001111111111111111111100000111111111100000000000000000000000011111111110000011111111110000000000000000000000000011111111110011111111110000000000000000000000000000001111111111111111110000000000000000000000000000000000111111111111111000000000000000000000000000000000000111111111111100000000000000000000000000000000000000111111111111000000000000000000000000000000000000001111111111110000000000000000000000000000000000000011111111111000000000000000000000000000000000000000011111111110000000000000000000000000000000000000000111111111100000000000000000000000000000000000000001111111111000000000000000000000000000000000000000011111111110000000000000000000000000000000000000000111111111100000000000000000000000000000000000000001111111111000000000000000000000000000000000000000011111111110000000000000000000000000000000000000000111111111100000000000000000000000000000000000000001111111111000000000000000000000000000000000000000011111111110000000000000000000000000000000000000000111111111100000000000000000000000000000000000000001111111111100000000000000000000000000000000000000111111111111000000000000000000000000000000000000001111111111110000000000000000000000000000000000000011111111111110000000000000000000000000000000000001111111111111110000000000000000000000000000000000111111111111111111000000000000000000000000000000111111111100111111111100000000000000000000000000111111111100000111111111100000000000000000000000011111111110000011111111111111111111000000111111111111111111110011111111111111111111111111111111111111111111111111111111111111111111111111111111111111111111111111111111111111111111111111111111111111111111111111111111111111111111111111111111111111111111111111111111111111111111111111111111111111111111111111111111111111111111111111111111111111111111111111111111111111111111111111111111111111111111111111111111111111111111111111111111111111111111111111111111111111111111111111111111111111111111111111111111111111111111111111111111111111111111111111111111111111111111,Plane Strain,953386117.1,135724185.2,502589408.8,0,0,86584626.85,1e-09,,2240000000,0.49253731,"[9.16733824e+08 9.09749249e+08 8.88838399e+08 8.54192355e+08
 8.06335141e+08 7.46414884e+08 6.76550506e+08 6.00122281e+08
 5.21830228e+08 4.47336577e+08 3.82430002e+08 3.31899362e+08
 2.98537022e+08 2.82695241e+08 2.82543425e+08 2.94823111e+08
 3.15727321e+08 3.41602220e+08 3.69352177e+08 3.96578962e+08
 4.21548584e+08 4.43076572e+08 4.60393714e+08 4.73025226e+08
 4.80696458e+08 4.83267694e+08 4.80696458e+08 4.73025226e+08
 4.60393714e+08 4.43076572e+08 4.21548584e+08 3.96578962e+08
 3.69352177e+08 3.41602220e+08 3.15727321e+08 2.94823111e+08
 2.82543425e+08 2.82695241e+08 2.98537022e+08 3.31899362e+08
 3.82430002e+08 4.47336577e+08 5.21830228e+08 6.00122281e+08
 6.76550506e+08 7.46414884e+08 8.06335141e+08 8.54192355e+08
 8.88838399e+08 9.09749249e+08 9.16733824e+08 9.09749249e+08
 8.88838399e+08 8.54192355e+08 8.06335141e+08 7.46414884e+08
 6.76550506e+08 6.00122281e+08 5.21830228e+08 4.47336577e+08
 3.82430002e+08 3.31899362e+08 2.98537022e+08 2.82695241e+08
 2.82543425e+08 2.94823111e+08 3.15727321e+08 3.41602220e+08
 3.69352177e+08 3.96578962e+08 4.21548584e+08 4.43076572e+08
 4.60393714e+08 4.73025226e+08 4.80696458e+08 4.83267694e+08
 4.80696458e+08 4.73025226e+08 4.60393714e+08 4.43076572e+08
 4.21548584e+08 3.96578962e+08 3.69352177e+08 3.41602220e+08
 3.15727321e+08 2.94823111e+08 2.82543425e+08 2.82695241e+08
 2.98537022e+08 3.31899362e+08 3.82430002e+08 4.47336577e+08
 5.21830228e+08 6.00122281e+08 6.76550506e+08 7.46414884e+08
 8.06335141e+08 8.54192355e+08 8.88838399e+08 9.09749249e+08
 9.16733824e+08]","[0.14236014 0.14659214 0.15930227 0.18051932 0.21024404 0.24837152
 0.2945707  0.34811419 0.40765951 0.47100469 0.5348792  0.59488342
 0.6457302  0.68191586 0.69880029 0.69381892 0.66734049 0.62273908
 0.56561486 0.50252781 0.43977896 0.38261369 0.33492687 0.29933704
 0.27743515 0.27004983 0.27743515 0.29933704 0.33492687 0.38261369
 0.43977896 0.50252781 0.56561486 0.62273908 0.66734049 0.69381892
 0.69880029 0.68191586 0.6457302  0.59488342 0.5348792  0.47100469
 0.40765951 0.34811419 0.2945707  0.24837152 0.21024404 0.18051932
 0.15930227 0.14659214 0.14236014 0.14659214 0.15930227 0.18051932
 0.21024404 0.24837152 0.2945707  0.34811419 0.40765951 0.47100469
 0.5348792  0.59488342 0.6457302  0.68191586 0.69880029 0.69381892
 0.66734049 0.62273908 0.56561486 0.50252781 0.43977896 0.38261369
 0.33492687 0.29933704 0.27743515 0.27004983 0.27743515 0.29933704
 0.33492687 0.38261369 0.43977896 0.50252781 0.56561486 0.62273908
 0.66734049 0.69381892 0.69880029 0.68191586 0.6457302  0.59488342
 0.5348792  0.47100469 0.40765951 0.34811419 0.2945707  0.24837152
 0.21024404 0.18051932 0.15930227 0.14659214 0.14236014]"
48679,C2v,50,50,0000000000000000011111111111111110000000000000000000000000000000000111111111111111100000000000000000000000000000000001111111111111111000000000000000000000000000000000011111111111111110000000000000000000000000000100001111111111111111110000100000000000000000000011111111111111111111111111111100000000000000000000111111111111111111111111111111000000000000000000001111111111111111111111111111110000000000001111111111111111111111111111111111111111111111000011111111111111111111111111111111111111111111110000111111111111111111111111111111111111111111111100001111111111111111111111111111111111111111111111000011111111111111111111111111111111111111111111110000111111111111111111111111111111111111111111111100001111111111111111111111111111111111111111111111000011111111111111111111111111111111111111111111110000111111111111111111111111111111111111111111111100001111111111111111111111111111111111111111111111001111111111111111111111111111111111111111111111111111111111111111111111111111111111111111111111111111111111111111111111111111111111111111111111111111111111111111111111111111111111111111111111111111111100111111111111111111111111111111111111111111111100001111111111111111111111111111111111111111111111000011111111111111111111111111111111111111111111110000111111111111111111111111111111111111111111111100001111111111111111111111111111111111111111111111000011111111111111111111111111111111111111111111110011111111111111111111111111111111111111111111111111111111111111111111111111111111111111111111111111111111111111111111111111111111111111111111111111111111111111111111111111111111111111111111111111111111001111111111111111111111111111111111111111111111000011111111111111111111111111111111111111111111110000111111111111111111111111111111111111111111111100001111111111111111111111111111111111111111111111000011111111111111111111111111111111111111111111110000111111111111111111111111111111111111111111111100001111111111111111111111111111111111111111111111000011111111111111111111111111111111111111111111110000111111111111111111111111111111111111111111111100001111111111111111111111111111111111111111111111000000000000111111111111111111111111111111000000000000000000001111111111111111111111111111110000000000000000000011111111111111111111111111111100000000000000000000010000111111111111111111000010000000000000000000000000000111111111111111100000000000000000000000000000000001111111111111111000000000000000000000000000000000011111111111111110000000000000000000000000000000000111111111111111100000000000000000,Plane Strain,808007596.3,194431850.5,933021381.5,0,0,206500030.0,1e-09,,2240000000,0.49253731,"[7.67490042e+08 7.64937030e+08 7.57375581e+08 7.45105773e+08
 7.28650641e+08 7.08785011e+08 6.86563868e+08 6.63336695e+08
 6.40729943e+08 6.20578433e+08 6.04791553e+08 5.95154609e+08
 5.93088813e+08 5.99418023e+08 6.14203714e+08 6.36699968e+08
 6.65446754e+08 6.98476231e+08 7.33574319e+08 7.68532529e+08
 8.01342005e+08 8.30310004e+08 8.54104544e+08 8.71747809e+08
 8.82582864e+08 8.86235009e+08 8.82582864e+08 8.71747809e+08
 8.54104544e+08 8.30310004e+08 8.01342005e+08 7.68532529e+08
 7.33574319e+08 6.98476231e+08 6.65446754e+08 6.36699968e+08
 6.14203714e+08 5.99418023e+08 5.93088813e+08 5.95154609e+08
 6.04791553e+08 6.20578433e+08 6.40729943e+08 6.63336695e+08
 6.86563868e+08 7.08785011e+08 7.28650641e+08 7.45105773e+08
 7.57375581e+08 7.64937030e+08 7.67490042e+08 7.64937030e+08
 7.57375581e+08 7.45105773e+08 7.28650641e+08 7.08785011e+08
 6.86563868e+08 6.63336695e+08 6.40729943e+08 6.20578433e+08
 6.04791553e+08 5.95154609e+08 5.93088813e+08 5.99418023e+08
 6.14203714e+08 6.36699968e+08 6.65446754e+08 6.98476231e+08
 7.33574319e+08 7.68532529e+08 8.01342005e+08 8.30310004e+08
 8.54104544e+08 8.71747809e+08 8.82582864e+08 8.86235009e+08
 8.82582864e+08 8.71747809e+08 8.54104544e+08 8.30310004e+08
 8.01342005e+08 7.68532529e+08 7.33574319e+08 6.98476231e+08
 6.65446754e+08 6.36699968e+08 6.14203714e+08 5.99418023e+08
 5.93088813e+08 5.95154609e+08 6.04791553e+08 6.20578433e+08
 6.40729943e+08 6.63336695e+08 6.86563868e+08 7.08785011e+08
 7.28650641e+08 7.45105773e+08 7.57375581e+08 7.64937030e+08
 7.67490042e+08]","[0.24063122 0.24366298 0.25262927 0.267135   0.28649754 0.30972056
 0.33547756 0.36212501 0.38776638 0.41038285 0.42803074 0.43908132
 0.44245395 0.43778212 0.42546351 0.40657985 0.38271243 0.35570792
 0.32745258 0.29969684 0.27394706 0.25142009 0.23304387 0.21948463
 0.21118339 0.20838949 0.21118339 0.21948463 0.23304387 0.25142009
 0.27394706 0.29969684 0.32745258 0.35570792 0.38271243 0.40657985
 0.42546351 0.43778212 0.44245395 0.43908132 0.42803074 0.41038285
 0.38776638 0.36212501 0.33547756 0.30972056 0.28649754 0.267135
 0.25262927 0.24366298 0.24063122 0.24366298 0.25262927 0.267135
 0.28649754 0.30972056 0.33547756 0.36212501 0.38776638 0.41038285
 0.42803074 0.43908132 0.44245395 0.43778212 0.42546351 0.40657985
 0.38271243 0.35570792 0.32745258 0.29969684 0.27394706 0.25142009
 0.23304387 0.21948463 0.21118339 0.20838949 0.21118339 0.21948463
 0.23304387 0.25142009 0.27394706 0.29969684 0.32745258 0.35570792
 0.38271243 0.40657985 0.42546351 0.43778212 0.44245395 0.43908132
 0.42803074 0.41038285 0.38776638 0.36212501 0.33547756 0.30972056
 0.28649754 0.267135   0.25262927 0.24366298 0.24063122]"
57340,C2v,50,50,0000000000000000111111111111111111000000000000000000000000000000001111111111111111110000000000000000000000000000000011111111111111111100000000000000000000000000000000111111111111111111000000000000000000000001000000011111111111111111111000000010000000000000011111111111111111111111111111111111100000000000000111111111111111111111111111111111111000000000000001111111111111111111111111111111111110000000111111111111111111111111111111111111111111111111111111111111111111111111111111111111111111111111111111111111111111111111111111111111111111111111111111111111111111111111111111111111111111111111111111110000000001111111111111111111111111111111100000000000000000001111111111111111111111111111110000000000000000000011111111111111111111111111111100000000000000000000111111111111111111111111111111000000000000000000001111111111111111111111111111110000000000000000000011111111111111111111111111111100000000000000000000111111111111111111111111111111000000000000000000001111111111111111111111111111110000000000000000000011111111111111111111111111111100000000000000000000111111111111111111111111111111000000000000000000001111111111111111111111111111110000000000000000000111111111111111111111111111111110000000000000000001111111111111111111111111111111100000000000000000011111111111111111111111111111111000000000000000000111111111111111111111111111111110000000000000000000111111111111111111111111111111000000000000000000001111111111111111111111111111110000000000000000000011111111111111111111111111111100000000000000000000111111111111111111111111111111000000000000000000001111111111111111111111111111110000000000000000000011111111111111111111111111111100000000000000000000111111111111111111111111111111000000000000000000001111111111111111111111111111110000000000000000000011111111111111111111111111111100000000000000000000111111111111111111111111111111000000000000000000011111111111111111111111111111111000000000111111111111111111111111111111111111111111111111111111111111111111111111111111111111111111111111111111111111111111111111111111111111111111111111111111111111111111111111111111111111111111111111111111110000000111111111111111111111111111111111111000000000000001111111111111111111111111111111111110000000000000011111111111111111111111111111111111100000000000000100000001111111111111111111100000001000000000000000000000001111111111111111110000000000000000000000000000000011111111111111111100000000000000000000000000000000111111111111111111000000000000000000000000000000001111111111111111110000000000000000,Plane Strain,552606486.8,92582573.08,948537959.9,0,0,31745205.3,1e-09,,2240000000,0.49253731,"[5.43569913e+08 5.39461195e+08 5.27114744e+08 5.06488094e+08
 4.77576039e+08 4.40523479e+08 3.95811120e+08 3.44535439e+08
 2.88791343e+08 2.32119971e+08 1.79883360e+08 1.39274219e+08
 1.18550112e+08 1.25217117e+08 1.63491789e+08 2.32218534e+08
 3.24644768e+08 4.30420100e+08 5.38665045e+08 6.40451962e+08
 7.29843519e+08 8.03686300e+08 8.60807740e+08 9.01150374e+08
 9.25095677e+08 9.33026863e+08 9.25095677e+08 9.01150374e+08
 8.60807740e+08 8.03686300e+08 7.29843519e+08 6.40451962e+08
 5.38665045e+08 4.30420100e+08 3.24644768e+08 2.32218534e+08
 1.63491789e+08 1.25217117e+08 1.18550112e+08 1.39274219e+08
 1.79883360e+08 2.32119971e+08 2.88791343e+08 3.44535439e+08
 3.95811120e+08 4.40523479e+08 4.77576039e+08 5.06488094e+08
 5.27114744e+08 5.39461195e+08 5.43569913e+08 5.39461195e+08
 5.27114744e+08 5.06488094e+08 4.77576039e+08 4.40523479e+08
 3.95811120e+08 3.44535439e+08 2.88791343e+08 2.32119971e+08
 1.79883360e+08 1.39274219e+08 1.18550112e+08 1.25217117e+08
 1.63491789e+08 2.32218534e+08 3.24644768e+08 4.30420100e+08
 5.38665045e+08 6.40451962e+08 7.29843519e+08 8.03686300e+08
 8.60807740e+08 9.01150374e+08 9.25095677e+08 9.33026863e+08
 9.25095677e+08 9.01150374e+08 8.60807740e+08 8.03686300e+08
 7.29843519e+08 6.40451962e+08 5.38665045e+08 4.30420100e+08
 3.24644768e+08 2.32218534e+08 1.63491789e+08 1.25217117e+08
 1.18550112e+08 1.39274219e+08 1.79883360e+08 2.32119971e+08
 2.88791343e+08 3.44535439e+08 3.95811120e+08 4.40523479e+08
 4.77576039e+08 5.06488094e+08 5.27114744e+08 5.39461195e+08
 5.43569913e+08]","[0.16753798 0.1769831  0.20532538 0.25248557 0.31798536 0.40039541
 0.49655381 0.60069438 0.70387262 0.79434375 0.85949899 0.88921214
 0.87919415 0.83238272 0.7574957  0.6657934  0.56795324 0.47226493
 0.38421001 0.30687941 0.24167314 0.18895704 0.14855923 0.12010208
 0.1032061  0.09760555 0.1032061  0.12010208 0.14855923 0.18895704
 0.24167314 0.30687941 0.38421001 0.47226493 0.56795324 0.6657934
 0.7574957  0.83238272 0.87919415 0.88921214 0.85949899 0.79434375
 0.70387262 0.60069438 0.49655381 0.40039541 0.31798536 0.25248557
 0.20532538 0.1769831  0.16753798 0.1769831  0.20532538 0.25248557
 0.31798536 0.40039541 0.49655381 0.60069438 0.70387262 0.79434375
 0.85949899 0.88921214 0.87919415 0.83238272 0.7574957  0.6657934
 0.56795324 0.47226493 0.38421001 0.30687941 0.24167314 0.18895704
 0.14855923 0.12010208 0.1032061  0.09760555 0.1032061  0.12010208
 0.14855923 0.18895704 0.24167314 0.30687941 0.38421001 0.47226493
 0.56795324 0.6657934  0.7574957  0.83238272 0.87919415 0.88921214
 0.85949899 0.79434375 0.70387262 0.60069438 0.49655381 0.40039541
 0.31798536 0.25248557 0.20532538 0.1769831  0.16753798]"
55380,C2v,50,50,1111111111111111111111111111111111111111111111111111111111111111111111111111111111111111111111111111111111111111111111111111111111111111111111111111110011111111111111111111111111111111111111111111110000111111111111111111111111111111111111111111111100001111111111111111111111111111111111111111111111000001111111111111111111111111111111111111111111100000011111111111111111111111111111111111111111111000000111111111111111111111111111111111111111111110000001111111111111111111111111111111111111111111100000111111111111111111111111111111111111111111111100000111111111111111111111111111111111111111111110000001111111111111111111111111111111111111111111100000010000000001111111111111111111111110000000001000000000000000001111111111111111111111000000000000000000000000000011111111111111111111110000000000000000000000000000111111111111111111111100000000000000000000000000001111111111111111111111000000000000000000000000000001111111111111111111100000000000000000000000000000001111111111111111110000000000000000000000000000000011111111111111111100000000000000000000000000000000111111111111111111000000000000000000000000000000001111111111111111110000000000000000000000000000000011111111111111111100000000000000000000000000000000111111111111111111000000000000000000000000000000001111111111111111110000000000000000000000000000000011111111111111111100000000000000000000000000000000111111111111111111000000000000000000000000000000001111111111111111110000000000000000000000000000000011111111111111111100000000000000000000000000000000111111111111111111000000000000000000000000000000011111111111111111111000000000000000000000000000001111111111111111111111000000000000000000000000000011111111111111111111110000000000000000000000000000111111111111111111111100000000000000000000000000001111111111111111111111000000000000000001000000000111111111111111111111111000000000100000011111111111111111111111111111111111111111111000000111111111111111111111111111111111111111111110000011111111111111111111111111111111111111111111110000011111111111111111111111111111111111111111111000000111111111111111111111111111111111111111111110000001111111111111111111111111111111111111111111100000011111111111111111111111111111111111111111111000001111111111111111111111111111111111111111111111000011111111111111111111111111111111111111111111110000111111111111111111111111111111111111111111111100111111111111111111111111111111111111111111111111111111111111111111111111111111111111111111111111111111111111111111111111111111111111111111111111111111,Plane Strain,567765414.8,134175332.0,920295349.2,0,0,138094029.3,1e-09,,2240000000,0.49253731,"[5.48203195e+08 5.46111770e+08 5.39900713e+08 5.29769141e+08
 5.16080214e+08 4.99406725e+08 4.80590421e+08 4.60806268e+08
 4.41614478e+08 4.24972071e+08 4.13165607e+08 4.08626077e+08
 4.13607522e+08 4.29760728e+08 4.57701628e+08 4.96723686e+08
 5.44786617e+08 5.98815863e+08 6.55216580e+08 7.10424693e+08
 7.61331895e+08 8.05506015e+08 8.41219785e+08 8.67354476e+08
 8.83253851e+08 8.88586796e+08 8.83253851e+08 8.67354476e+08
 8.41219785e+08 8.05506015e+08 7.61331895e+08 7.10424693e+08
 6.55216580e+08 5.98815863e+08 5.44786617e+08 4.96723686e+08
 4.57701628e+08 4.29760728e+08 4.13607522e+08 4.08626077e+08
 4.13165607e+08 4.24972071e+08 4.41614478e+08 4.60806268e+08
 4.80590421e+08 4.99406725e+08 5.16080214e+08 5.29769141e+08
 5.39900713e+08 5.46111770e+08 5.48203195e+08 5.46111770e+08
 5.39900713e+08 5.29769141e+08 5.16080214e+08 4.99406725e+08
 4.80590421e+08 4.60806268e+08 4.41614478e+08 4.24972071e+08
 4.13165607e+08 4.08626077e+08 4.13607522e+08 4.29760728e+08
 4.57701628e+08 4.96723686e+08 5.44786617e+08 5.98815863e+08
 6.55216580e+08 7.10424693e+08 7.61331895e+08 8.05506015e+08
 8.41219785e+08 8.67354476e+08 8.83253851e+08 8.88586796e+08
 8.83253851e+08 8.67354476e+08 8.41219785e+08 8.05506015e+08
 7.61331895e+08 7.10424693e+08 6.55216580e+08 5.98815863e+08
 5.44786617e+08 4.96723686e+08 4.57701628e+08 4.29760728e+08
 4.13607522e+08 4.08626077e+08 4.13165607e+08 4.24972071e+08
 4.41614478e+08 4.60806268e+08 4.80590421e+08 4.99406725e+08
 5.16080214e+08 5.29769141e+08 5.39900713e+08 5.46111770e+08
 5.48203195e+08]","[0.23632178 0.24146101 0.2566559  0.28120915 0.31387066 0.3527374
 0.39518086 0.43787239 0.47698044 0.50858015 0.52923564 0.53661289
 0.52991886 0.51000106 0.47907634 0.44020845 0.39672847 0.35176334
 0.3079506  0.26733324 0.23138323 0.20109402 0.17709513 0.15976018
 0.14929422 0.14579595 0.14929422 0.15976018 0.17709513 0.20109402
 0.23138323 0.26733324 0.3079506  0.35176334 0.39672847 0.44020845
 0.47907634 0.51000106 0.52991886 0.53661289 0.52923564 0.50858015
 0.47698044 0.43787239 0.39518086 0.3527374  0.31387066 0.28120915
 0.2566559  0.24146101 0.23632178 0.24146101 0.2566559  0.28120915
 0.31387066 0.3527374  0.39518086 0.43787239 0.47698044 0.50858015
 0.52923564 0.53661289 0.52991886 0.51000106 0.47907634 0.44020845
 0.39672847 0.35176334 0.3079506  0.26733324 0.23138323 0.20109402
 0.17709513 0.15976018 0.14929422 0.14579595 0.14929422 0.15976018
 0.17709513 0.20109402 0.23138323 0.26733324 0.3079506  0.35176334
 0.39672847 0.44020845 0.47907634 0.51000106 0.52991886 0.53661289
 0.52923564 0.50858015 0.47698044 0.43787239 0.39518086 0.3527374
 0.31387066 0.28120915 0.2566559  0.24146101 0.23632178]"
53211,C2v,50,50,0000000000000001111111111111111111100000000000000000000000000000011111111111111111111000000000000000000000000000000111111111111111111110000000000000000000000000000001111111111111111111100000000000000000000000000000011111111111111111111000000000000000000000000000000111111111111111111110000000000000000000000000000001111111111111111111100000000000000000000000000000011111111111111111111000000000000000000000000000000111111111111111111110000000000000000000000000000001111111111111111111100000000000000000000000000000011111111111111111111000000000000000000000000000000111111111111111111110000000000000000000000000000001111111111111111111100000000000000000000000000000011111111111111111111000000000000000000000000000011111111111111111111111100000000000000000000000000111111111111111111111111000000000000000000011111111111111111111111111111111111111000000000000111111111111111111111111111111111111110000000011111111111111111111111111111111111111111111110000111111111111111111111111111111111111111111111100001111111111111111111111111111111111111111111111000011111111111111111111111111111111111111111111110000111111111111111111111111111111111111111111111100001111111111111111111111111111111111111111111111001111111111111111111111111111111111111111111111111111111111111111111111111111111111111111111111111111001111111111111111111111111111111111111111111111000011111111111111111111111111111111111111111111110000111111111111111111111111111111111111111111111100001111111111111111111111111111111111111111111111000011111111111111111111111111111111111111111111110000111111111111111111111111111111111111111111111100000000111111111111111111111111111111111111110000000000001111111111111111111111111111111111111100000000000000000001111111111111111111111110000000000000000000000000011111111111111111111111100000000000000000000000000001111111111111111111100000000000000000000000000000011111111111111111111000000000000000000000000000000111111111111111111110000000000000000000000000000001111111111111111111100000000000000000000000000000011111111111111111111000000000000000000000000000000111111111111111111110000000000000000000000000000001111111111111111111100000000000000000000000000000011111111111111111111000000000000000000000000000000111111111111111111110000000000000000000000000000001111111111111111111100000000000000000000000000000011111111111111111111000000000000000000000000000000111111111111111111110000000000000000000000000000001111111111111111111100000000000000000000000000000011111111111111111111000000000000000,Plane Strain,322327454.1,65856891.76,872288286.2,0,0,49789544.81,1e-09,,2240000000,0.49253731,"[3.17355325e+08 3.15570970e+08 3.10232331e+08 3.01390780e+08
 2.89160188e+08 2.73763721e+08 2.55607813e+08 2.35390033e+08
 2.14244706e+08 1.93918855e+08 1.76944338e+08 1.66723753e+08
 1.67384662e+08 1.83222637e+08 2.17642169e+08 2.71800685e+08
 3.43565506e+08 4.27516900e+08 5.16225972e+08 6.02194297e+08
 6.79455998e+08 7.44238295e+08 7.94751124e+08 8.30539057e+08
 8.51793823e+08 8.58832621e+08 8.51793823e+08 8.30539057e+08
 7.94751124e+08 7.44238295e+08 6.79455998e+08 6.02194297e+08
 5.16225972e+08 4.27516900e+08 3.43565506e+08 2.71800685e+08
 2.17642169e+08 1.83222637e+08 1.67384662e+08 1.66723753e+08
 1.76944338e+08 1.93918855e+08 2.14244706e+08 2.35390033e+08
 2.55607813e+08 2.73763721e+08 2.89160188e+08 3.01390780e+08
 3.10232331e+08 3.15570970e+08 3.17355325e+08 3.15570970e+08
 3.10232331e+08 3.01390780e+08 2.89160188e+08 2.73763721e+08
 2.55607813e+08 2.35390033e+08 2.14244706e+08 1.93918855e+08
 1.76944338e+08 1.66723753e+08 1.67384662e+08 1.83222637e+08
 2.17642169e+08 2.71800685e+08 3.43565506e+08 4.27516900e+08
 5.16225972e+08 6.02194297e+08 6.79455998e+08 7.44238295e+08
 7.94751124e+08 8.30539057e+08 8.51793823e+08 8.58832621e+08
 8.51793823e+08 8.30539057e+08 7.94751124e+08 7.44238295e+08
 6.79455998e+08 6.02194297e+08 5.16225972e+08 4.27516900e+08
 3.43565506e+08 2.71800685e+08 2.17642169e+08 1.83222637e+08
 1.67384662e+08 1.66723753e+08 1.76944338e+08 1.93918855e+08
 2.14244706e+08 2.35390033e+08 2.55607813e+08 2.73763721e+08
 2.89160188e+08 3.01390780e+08 3.10232331e+08 3.15570970e+08
 3.17355325e+08]","[0.20431673 0.21565897 0.24939839 0.30450468 0.37871757 0.46782881
 0.56497818 0.66043735 0.74248302 0.7996579  0.82384123 0.81265115
 0.76979311 0.70325131 0.62252756 0.53632698 0.45135132 0.37208601
 0.3011479  0.23981104 0.18849573 0.14714379 0.11547628 0.0931581
 0.07989693 0.075499   0.07989693 0.0931581  0.11547628 0.14714379
 0.18849573 0.23981104 0.3011479  0.37208601 0.45135132 0.53632698
 0.62252756 0.70325131 0.76979311 0.81265115 0.82384123 0.7996579
 0.74248302 0.66043735 0.56497818 0.46782881 0.37871757 0.30450468
 0.24939839 0.21565897 0.20431673 0.21565897 0.24939839 0.30450468
 0.37871757 0.46782881 0.56497818 0.66043735 0.74248302 0.7996579
 0.82384123 0.81265115 0.76979311 0.70325131 0.62252756 0.53632698
 0.45135132 0.37208601 0.3011479  0.23981104 0.18849573 0.14714379
 0.11547628 0.0931581  0.07989693 0.075499   0.07989693 0.0931581
 0.11547628 0.14714379 0.18849573 0.23981104 0.3011479  0.37208601
 0.45135132 0.53632698 0.62252756 0.70325131 0.76979311 0.81265115
 0.82384123 0.7996579  0.74248302 0.66043735 0.56497818 0.46782881
 0.37871757 0.30450468 0.24939839 0.21565897 0.20431673]"
61698,C2v,50,50,1111111111111111111111111111111111111111111111111111111111111111111111111111111111111111111111111111001111111111111111111111111111111111111111111111000011111111111111111111111111111111111111111111110000011111111111111111111111111111111111111111111000000100000001111111111111111111111111111000000010000000000000001111111111111111111111111100000000000000000000000011111111111111111111111111000000000000000000000000111111111111111111111111110000000000000000000000001111111111111111111111111100000000000000000000000001111111111111111111111110000000000000000000000000011111111111111111111111100000000000000000000000000111111111111111111111111000000000000000000000000000111111111111111111111100000000000000000000000000001111111111111111111111000000000000000000000000000011111111111111111111110000000000000000000000000000111111111111111111111100000000000000000000000000001111111111111111111111000000000000000000000000000011111111111111111111110000000000000000000000000000111111111111111111111100000000000000000000000000001111111111111111111111000000000000000000000000000111111111111111111111111000000000000000000000000001111111111111111111111110000000000000000000000000011111111111111111111111100000000000000000000000001111111111111111111111111100000000000000000000000011111111111111111111111111000000000000000000000000011111111111111111111111100000000000000000000000000111111111111111111111111000000000000000000000000001111111111111111111111110000000000000000000000000001111111111111111111111000000000000000000000000000011111111111111111111110000000000000000000000000000111111111111111111111100000000000000000000000000001111111111111111111111000000000000000000000000000011111111111111111111110000000000000000000000000000111111111111111111111100000000000000000000000000001111111111111111111111000000000000000000000000000011111111111111111111110000000000000000000000000001111111111111111111111110000000000000000000000000011111111111111111111111100000000000000000000000000111111111111111111111111000000000000000000000000011111111111111111111111111000000000000000000000000111111111111111111111111110000000000000000000000001111111111111111111111111100000000000000000000000011111111111111111111111111000000000000000100000001111111111111111111111111111000000010000001111111111111111111111111111111111111111111100000111111111111111111111111111111111111111111111100001111111111111111111111111111111111111111111111001111111111111111111111111111111111111111111111111111111111111111111111111111111111111111111111111111,Plane Strain,390993079.1,83801423.63,969216521.2,0,0,48499553.96,1e-09,,2240000000,0.49253731,"[3.83747352e+08 3.81360294e+08 3.74210416e+08 3.62342072e+08
 3.45865825e+08 3.25019592e+08 3.00266049e+08 2.72435761e+08
 2.42921313e+08 2.13911686e+08 1.88618204e+08 1.71376267e+08
 1.67424571e+08 1.82132819e+08 2.19600131e+08 2.80965896e+08
 3.63265189e+08 4.59684385e+08 5.61308165e+08 6.59452672e+08
 7.47409650e+08 8.21040004e+08 8.78422962e+08 9.19087646e+08
 9.43250636e+08 9.51255388e+08 9.43250636e+08 9.19087646e+08
 8.78422962e+08 8.21040004e+08 7.47409650e+08 6.59452672e+08
 5.61308165e+08 4.59684385e+08 3.63265189e+08 2.80965896e+08
 2.19600131e+08 1.82132819e+08 1.67424571e+08 1.71376267e+08
 1.88618204e+08 2.13911686e+08 2.42921313e+08 2.72435761e+08
 3.00266049e+08 3.25019592e+08 3.45865825e+08 3.62342072e+08
 3.74210416e+08 3.81360294e+08 3.83747352e+08 3.81360294e+08
 3.74210416e+08 3.62342072e+08 3.45865825e+08 3.25019592e+08
 3.00266049e+08 2.72435761e+08 2.42921313e+08 2.13911686e+08
 1.88618204e+08 1.71376267e+08 1.67424571e+08 1.82132819e+08
 2.19600131e+08 2.80965896e+08 3.63265189e+08 4.59684385e+08
 5.61308165e+08 6.59452672e+08 7.47409650e+08 8.21040004e+08
 8.78422962e+08 9.19087646e+08 9.43250636e+08 9.51255388e+08
 9.43250636e+08 9.19087646e+08 8.78422962e+08 8.21040004e+08
 7.47409650e+08 6.59452672e+08 5.61308165e+08 4.59684385e+08
 3.63265189e+08 2.80965896e+08 2.19600131e+08 1.82132819e+08
 1.67424571e+08 1.71376267e+08 1.88618204e+08 2.13911686e+08
 2.42921313e+08 2.72435761e+08 3.00266049e+08 3.25019592e+08
 3.45865825e+08 3.62342072e+08 3.74210416e+08 3.81360294e+08
 3.83747352e+08]","[0.21432969 0.22530577 0.25801433 0.31164107 0.38431998 0.47243053
 0.56983694 0.66748068 0.7539267  0.81730949 0.84836909 0.84324809
 0.80445816 0.73949364 0.65807205 0.56952767 0.4812794  0.39841437
 0.32396751 0.25946166 0.20544179 0.16189607 0.12854932 0.10505162
 0.09109209 0.08646306 0.09109209 0.10505162 0.12854932 0.16189607
 0.20544179 0.25946166 0.32396751 0.39841437 0.4812794  0.56952767
 0.65807205 0.73949364 0.80445816 0.84324809 0.84836909 0.81730949
 0.7539267  0.66748068 0.56983694 0.47243053 0.38431998 0.31164107
 0.25801433 0.22530577 0.21432969 0.22530577 0.25801433 0.31164107
 0.38431998 0.47243053 0.56983694 0.66748068 0.7539267  0.81730949
 0.84836909 0.84324809 0.80445816 0.73949364 0.65807205 0.56952767
 0.4812794  0.39841437 0.32396751 0.25946166 0.20544179 0.16189607
 0.12854932 0.10505162 0.09109209 0.08646306 0.09109209 0.10505162
 0.12854932 0.16189607 0.20544179 0.25946166 0.32396751 0.39841437
 0.4812794  0.56952767 0.65807205 0.73949364 0.80445816 0.84324809
 0.84836909 0.81730949 0.7539267  0.66748068 0.56983694 0.47243053
 0.38431998 0.31164107 0.25801433 0.22530577 0.21432969]"
1367,C2v,50,50,1111110000000000000000000000000000000000000011111111111000000000000000000000000000000000000000011111111110000000000000000000000000000000000000000111111111100000000000000000000000000000000000000001111111111000000000000000000000000000000000000000011111111110000000000000000000000000000000000000000111111111100000000000000000000000000000000000000001111111111100000000000000000000000000000000000000111111111111100000000000000000000000000000000000011111111111111000000000000000000000000000000000000111111111111111100000000000000000000000000000000111111111111111111100000000000000000000000000000011111111111111111111100000000000000000000000000001111111111111111111111000000000000000000000000000011111111111111111111111100000000000000000000000011111111111111111111111111100000011111111110000001111111111111111111111111111111111111111111111111111111111111111111111111111111111111111111111111111111111111111111111111111111111111111111111111111111111111111111101111111111111111111111111111111111111111111111110000001111111111111111111111111111111111111111000000000001111111111111111111111111111111111111100000000000011111111111111111111111111111111111111000000000000111111111111111111111111111111111111110000000000000111111111111111111111111111111111111000000000000001111111111111111111111111111111111110000000000000111111111111111111111111111111111111110000000000001111111111111111111111111111111111111100000000000011111111111111111111111111111111111111000000000001111111111111111111111111111111111111111000000111111111111111111111111111111111111111111111111011111111111111111111111111111111111111111111111111111111111111111111111111111111111111111111111111111111111111111111111111111111111111111111111111111111111111111111000000111111111100000011111111111111111111111111100000000000000000000000011111111111111111111111100000000000000000000000000001111111111111111111111000000000000000000000000000011111111111111111111100000000000000000000000000000011111111111111111110000000000000000000000000000000011111111111111110000000000000000000000000000000000001111111111111100000000000000000000000000000000000011111111111110000000000000000000000000000000000000011111111111000000000000000000000000000000000000000011111111110000000000000000000000000000000000000000111111111100000000000000000000000000000000000000001111111111000000000000000000000000000000000000000011111111110000000000000000000000000000000000000000111111111100000000000000000000000000000000000000001111111111100000000000000000000000000000000000000111111,Plane Strain,635175746.4,188055816.3,432831458.6,0,0,65764995.59,1e-09,,2240000000,0.49253731,"[5.53469601e+08 5.49347130e+08 5.37093367e+08 5.17069480e+08
 4.89940712e+08 4.56755696e+08 4.19022831e+08 3.78744904e+08
 3.38365653e+08 3.00591006e+08 2.68082181e+08 2.43073031e+08
 2.27014796e+08 2.20362372e+08 2.22570470e+08 2.32287321e+08
 2.47664931e+08 2.66683169e+08 2.87409567e+08 3.08161551e+08
 3.27576175e+08 3.44612660e+08 3.58516761e+08 3.68770592e+08
 3.75043653e+08 3.77153971e+08 3.75043653e+08 3.68770592e+08
 3.58516761e+08 3.44612660e+08 3.27576175e+08 3.08161551e+08
 2.87409567e+08 2.66683169e+08 2.47664931e+08 2.32287321e+08
 2.22570470e+08 2.20362372e+08 2.27014796e+08 2.43073031e+08
 2.68082181e+08 3.00591006e+08 3.38365653e+08 3.78744904e+08
 4.19022831e+08 4.56755696e+08 4.89940712e+08 5.17069480e+08
 5.37093367e+08 5.49347130e+08 5.53469601e+08 5.49347130e+08
 5.37093367e+08 5.17069480e+08 4.89940712e+08 4.56755696e+08
 4.19022831e+08 3.78744904e+08 3.38365653e+08 3.00591006e+08
 2.68082181e+08 2.43073031e+08 2.27014796e+08 2.20362372e+08
 2.22570470e+08 2.32287321e+08 2.47664931e+08 2.66683169e+08
 2.87409567e+08 3.08161551e+08 3.27576175e+08 3.44612660e+08
 3.58516761e+08 3.68770592e+08 3.75043653e+08 3.77153971e+08
 3.75043653e+08 3.68770592e+08 3.58516761e+08 3.44612660e+08
 3.27576175e+08 3.08161551e+08 2.87409567e+08 2.66683169e+08
 2.47664931e+08 2.32287321e+08 2.22570470e+08 2.20362372e+08
 2.27014796e+08 2.43073031e+08 2.68082181e+08 3.00591006e+08
 3.38365653e+08 3.78744904e+08 4.19022831e+08 4.56755696e+08
 4.89940712e+08 5.17069480e+08 5.37093367e+08 5.49347130e+08
 5.53469601e+08]","[0.29606895 0.2998921  0.31131546 0.33018784 0.35621412 0.38889116
 0.42742141 0.47061316 0.51678594 0.56371318 0.60864727 0.64847508
 0.68003321 0.70056243 0.70821077 0.7024382  0.68417886 0.65569422
 0.62016842 0.58118649 0.54225022 0.50643468 0.4762122  0.45341324
 0.4392685  0.43447816 0.4392685  0.45341324 0.4762122  0.50643468
 0.54225022 0.58118649 0.62016842 0.65569422 0.68417886 0.7024382
 0.70821077 0.70056243 0.68003321 0.64847508 0.60864727 0.56371318
 0.51678594 0.47061316 0.42742141 0.38889116 0.35621412 0.33018784
 0.31131546 0.2998921  0.29606895 0.2998921  0.31131546 0.33018784
 0.35621412 0.38889116 0.42742141 0.47061316 0.51678594 0.56371318
 0.60864727 0.64847508 0.68003321 0.70056243 0.70821077 0.7024382
 0.68417886 0.65569422 0.62016842 0.58118649 0.54225022 0.50643468
 0.4762122  0.45341324 0.4392685  0.43447816 0.4392685  0.45341324
 0.4762122  0.50643468 0.54225022 0.58118649 0.62016842 0.65569422
 0.68417886 0.7024382  0.70821077 0.70056243 0.68003321 0.64847508
 0.60864727 0.56371318 0.51678594 0.47061316 0.42742141 0.38889116
 0.35621412 0.33018784 0.31131546 0.2998921  0.29606895]"
55741,C2v,50,50,0011110000000000000000000000000000000000000011110000111100000000000000000000000000000000000000111100001111000000000000000000000000000000000000001111000011110000000000000000000000000000000000000011110011111110000000000000000000000000000000000001111111100011100000000000000000000000000000000000011100011000111000000000000000000000000000000000000111000110001110000000000000000000000000000000000001110001100011100000000000000000000000000000000000011100011000111111111111111111111111111111111111111111000110001111111111111111111111111111111111111111110001100011111111111111111111111111111111111111111100010000111111111111111111111111111111111111111111000000001111111111111111111111111111111111111111110000000011111111111111111111111111111111111111111100000000111111111111111111111111111111111111111111000000001111111111111111111111111111111111111111110000000011111111111111111111111111111111111111111100000000111111111111111111111111111111111111111111000000001111111111111111111111111111111111111111110000000011111111111111111111111111111111111111111100000000111111111111111111111111111111111111111111000000001111111111111111111111111111111111111111110000000011111111111111111111111111111111111111111100000000111111111111111111111111111111111111111111000000001111111111111111111111111111111111111111110000000011111111111111111111111111111111111111111100000000111111111111111111111111111111111111111111000000001111111111111111111111111111111111111111110000000011111111111111111111111111111111111111111100000000111111111111111111111111111111111111111111000000001111111111111111111111111111111111111111110000000011111111111111111111111111111111111111111100000000111111111111111111111111111111111111111111000000001111111111111111111111111111111111111111110000000011111111111111111111111111111111111111111100000000111111111111111111111111111111111111111111000000001111111111111111111111111111111111111111110000100011111111111111111111111111111111111111111100011000111111111111111111111111111111111111111111000110001111111111111111111111111111111111111111110001100011100000000000000000000000000000000000011100011000111000000000000000000000000000000000000111000110001110000000000000000000000000000000000001110001100011100000000000000000000000000000000000011100011111111000000000000000000000000000000000000111111100111100000000000000000000000000000000000000111100001111000000000000000000000000000000000000001111000011110000000000000000000000000000000000000011110000111100000000000000000000000000000000000000111100,Plane Strain,83706486.14,74185003.72,333186119.5,0,0,24793976.12,1e-09,,2240000000,0.49253731,"[6.71889470e+07 6.71264234e+07 6.69486190e+07 6.66856044e+07
 6.63900782e+07 6.61412500e+07 6.60502310e+07 6.62667057e+07
 6.69862942e+07 6.84573561e+07 7.09849450e+07 7.49281837e+07
 8.06857245e+07 8.86629136e+07 9.92152113e+07 1.12567294e+08
 1.28717363e+08 1.47349818e+08 1.67789745e+08 1.89029423e+08
 2.09834628e+08 2.28905047e+08 2.45039276e+08 2.57257373e+08
 2.64860576e+08 2.67439544e+08 2.64860576e+08 2.57257373e+08
 2.45039276e+08 2.28905047e+08 2.09834628e+08 1.89029423e+08
 1.67789745e+08 1.47349818e+08 1.28717363e+08 1.12567294e+08
 9.92152113e+07 8.86629136e+07 8.06857245e+07 7.49281837e+07
 7.09849450e+07 6.84573561e+07 6.69862942e+07 6.62667057e+07
 6.60502310e+07 6.61412500e+07 6.63900782e+07 6.66856044e+07
 6.69486190e+07 6.71264234e+07 6.71889470e+07 6.71264234e+07
 6.69486190e+07 6.66856044e+07 6.63900782e+07 6.61412500e+07
 6.60502310e+07 6.62667057e+07 6.69862942e+07 6.84573561e+07
 7.09849450e+07 7.49281837e+07 8.06857245e+07 8.86629136e+07
 9.92152113e+07 1.12567294e+08 1.28717363e+08 1.47349818e+08
 1.67789745e+08 1.89029423e+08 2.09834628e+08 2.28905047e+08
 2.45039276e+08 2.57257373e+08 2.64860576e+08 2.67439544e+08
 2.64860576e+08 2.57257373e+08 2.45039276e+08 2.28905047e+08
 2.09834628e+08 1.89029423e+08 1.67789745e+08 1.47349818e+08
 1.28717363e+08 1.12567294e+08 9.92152113e+07 8.86629136e+07
 8.06857245e+07 7.49281837e+07 7.09849450e+07 6.84573561e+07
 6.69862942e+07 6.62667057e+07 6.60502310e+07 6.61412500e+07
 6.63900782e+07 6.66856044e+07 6.69486190e+07 6.71264234e+07
 6.71889470e+07]","[0.88625156 0.89080628 0.90349446 0.92151882 0.94066282 0.95596742
 0.96261554 0.95684582 0.93664305 0.90199489 0.85466576 0.79762433
 0.73435856 0.66828677 0.60237278 0.5389523  0.47971916 0.42580471
 0.37789568 0.33635493 0.3013272  0.27282351 0.25078445 0.23512526
 0.22576648 0.22265334 0.22576648 0.23512526 0.25078445 0.27282351
 0.3013272  0.33635493 0.37789568 0.42580471 0.47971916 0.5389523
 0.60237278 0.66828677 0.73435856 0.79762433 0.85466576 0.90199489
 0.93664305 0.95684582 0.96261554 0.95596742 0.94066282 0.92151882
 0.90349446 0.89080628 0.88625156 0.89080628 0.90349446 0.92151882
 0.94066282 0.95596742 0.96261554 0.95684582 0.93664305 0.90199489
 0.85466576 0.79762433 0.73435856 0.66828677 0.60237278 0.5389523
 0.47971916 0.42580471 0.37789568 0.33635493 0.3013272  0.27282351
 0.25078445 0.23512526 0.22576648 0.22265334 0.22576648 0.23512526
 0.25078445 0.27282351 0.3013272  0.33635493 0.37789568 0.42580471
 0.47971916 0.5389523  0.60237278 0.66828677 0.73435856 0.79762433
 0.85466576 0.90199489 0.93664305 0.95684582 0.96261554 0.95596742
 0.94066282 0.92151882 0.90349446 0.89080628 0.88625156]"
31960,C2v,50,50,0000000000001111100000000000000001111100000000000000000000000011111100000000000000111111000000000000000000000000111111111111111111111111110000000000000000000000001111111111111111111111111100000000000000000000000011111111111111111111111111000000000000000000000000111111111111111111111111110000000000000000000000001111111111111111111111111100000000000000000000000011111111111111111111111111000000000000000000000000111111111111111111111111110000000000000000000000001111111111111111111111111100000000000000000000111111111111111111111111111111111100000000000000001111111111111111111111111111111111000000000000011111111111111111111111111111111111111110000000000111111111111111111111111111111111111111100000000011111111111111111111111111111111111111111100001111111111111111111111111111111111111111111111111111111111111111111111111111111111111111111111111111111111111111111111111111111111111111111111111111111111111111111111111111111111111111111111111111111111111111111111111111111111111111111111111111111111111111111111111111111111111111111111111111111111111111111111111111111111111111111111111111111111111111111111111111111111111111111111111111111111111111111111111111111111111111111111111111111111111111111111111111111111111111111111111111111111111111111111111111111111111111111111111111111111111111111111111111111111111111111111111111111111111111111111111111111111111111111111111111111111111111111111111111111111111111111111111111111111111111111111111111111111111111111111111111111111111111111111111111111111111111111111111111111111111111111111111111111111111111111111111111111111111111111111111111111111111111111111111111111111111111111111111111111111111111111111111111111111111111111111111111111111111111111111111111111111111111111111111111111111111111000011111111111111111111111111111111111111111100000000011111111111111111111111111111111111111110000000000111111111111111111111111111111111111111100000000000001111111111111111111111111111111111000000000000000011111111111111111111111111111111110000000000000000000011111111111111111111111111000000000000000000000000111111111111111111111111110000000000000000000000001111111111111111111111111100000000000000000000000011111111111111111111111111000000000000000000000000111111111111111111111111110000000000000000000000001111111111111111111111111100000000000000000000000011111111111111111111111111000000000000000000000000111111111111111111111111110000000000000000000000001111110000000000000011111100000000000000000000000011111000000000000000011111000000000000,Plane Strain,1061357691.0,161258380.9,788052378.5,0,0,179386804.4,1e-09,,2240000000,0.49253731,"[1.02835955e+09 1.02269830e+09 1.00582848e+09 9.78122378e+08
 9.40298549e+08 8.93553861e+08 8.39710929e+08 7.81330512e+08
 7.21717676e+08 6.64747064e+08 6.14467342e+08 5.74525727e+08
 5.47553627e+08 5.34712356e+08 5.35559226e+08 5.48267242e+08
 5.70092221e+08 5.97911327e+08 6.28679531e+08 6.59726416e+08
 6.88890576e+08 7.14532204e+08 7.35475348e+08 7.50922860e+08
 7.60372685e+08 7.63551434e+08 7.60372685e+08 7.50922860e+08
 7.35475348e+08 7.14532204e+08 6.88890576e+08 6.59726416e+08
 6.28679531e+08 5.97911327e+08 5.70092221e+08 5.48267242e+08
 5.35559226e+08 5.34712356e+08 5.47553627e+08 5.74525727e+08
 6.14467342e+08 6.64747064e+08 7.21717676e+08 7.81330512e+08
 8.39710929e+08 8.93553861e+08 9.40298549e+08 9.78122378e+08
 1.00582848e+09 1.02269830e+09 1.02835955e+09 1.02269830e+09
 1.00582848e+09 9.78122378e+08 9.40298549e+08 8.93553861e+08
 8.39710929e+08 7.81330512e+08 7.21717676e+08 6.64747064e+08
 6.14467342e+08 5.74525727e+08 5.47553627e+08 5.34712356e+08
 5.35559226e+08 5.48267242e+08 5.70092221e+08 5.97911327e+08
 6.28679531e+08 6.59726416e+08 6.88890576e+08 7.14532204e+08
 7.35475348e+08 7.50922860e+08 7.60372685e+08 7.63551434e+08
 7.60372685e+08 7.50922860e+08 7.35475348e+08 7.14532204e+08
 6.88890576e+08 6.59726416e+08 6.28679531e+08 5.97911327e+08
 5.70092221e+08 5.48267242e+08 5.35559226e+08 5.34712356e+08
 5.47553627e+08 5.74525727e+08 6.14467342e+08 6.64747064e+08
 7.21717676e+08 7.81330512e+08 8.39710929e+08 8.93553861e+08
 9.40298549e+08 9.78122378e+08 1.00582848e+09 1.02269830e+09
 1.02835955e+09]","[0.15193594 0.15555434 0.16636074 0.18419455 0.20874086 0.23946032
 0.27549537 0.31556385 0.35786327 0.40002483 0.43917032 0.47212343
 0.49579607 0.50770276 0.50647443 0.4921976  0.46644266 0.43196413
 0.39218657 0.35065516 0.31060186 0.27469542 0.24496376 0.22283297
 0.20921998 0.20462901 0.20921998 0.22283297 0.24496376 0.27469542
 0.31060186 0.35065516 0.39218657 0.43196413 0.46644266 0.4921976
 0.50647443 0.50770276 0.49579607 0.47212343 0.43917032 0.40002483
 0.35786327 0.31556385 0.27549537 0.23946032 0.20874086 0.18419455
 0.16636074 0.15555434 0.15193594 0.15555434 0.16636074 0.18419455
 0.20874086 0.23946032 0.27549537 0.31556385 0.35786327 0.40002483
 0.43917032 0.47212343 0.49579607 0.50770276 0.50647443 0.4921976
 0.46644266 0.43196413 0.39218657 0.35065516 0.31060186 0.27469542
 0.24496376 0.22283297 0.20921998 0.20462901 0.20921998 0.22283297
 0.24496376 0.27469542 0.31060186 0.35065516 0.39218657 0.43196413
 0.46644266 0.4921976  0.50647443 0.50770276 0.49579607 0.47212343
 0.43917032 0.40002483 0.35786327 0.31556385 0.27549537 0.23946032
 0.20874086 0.18419455 0.16636074 0.15555434 0.15193594]"
